10000
1558
3080
7525
3432
3739
3263
2675
9189
4343
754
1221
7939
2523
4344
9773
104
876
6559
1692
486
1977
8923
6534
4570
6772
4489
6961
3112
8013
5849
6078
3629
1770
2088
4154
1289
3770
6470
4382
6222
948
1583
2888
803
5819
4725
6136
7195
3468
7373
6585
7556
6977
9738
5878
3140
7515
2021
799
3882
8813
3371
293
7763
6852
5322
9207
2980
3340
3795
2975
6738
7971
6954
7341
3445
1672
5813
8920
6702
8088
8350
4500
9928
1939
8570
6668
5271
217
4530
975
7520
7618
2004
1207
1268
8504
125
2834
4207
8158
8869
4578
2261
7963
5054
7036
9690
3256
5140
4565
882
238
2548
8069
7407
7074
560
5843
4222
7820
1211
2924
1134
6268
5943
603
2584
467
2784
3961
8730
7641
3734
9532
9125
6562
1719
413
5987
8508
6664
4574
3103
4835
6905
8078
5393
5221
3822
8976
9504
3801
2683
4012
1563
5097
2269
3962
4120
5471
3465
8795
3607
4413
6282
8614
8607
9361
8161
247
6788
6197
9981
4800
7032
5942
7166
468
531
5622
546
596
1151
7127
6994
1714
2441
8797
6115
3392
7263
9593
417
7724
6332
4313
7253
5193
8635
2393
2733
6019
8131
9825
5218
1867
3489
3113
1627
1952
9637
9548
7376
2670
8321
8252
4294
6392
5437
3365
5106
9769
3179
4604
5579
6340
4101
5841
9793
4116
5723
7700
4361
9105
1643
9999
1539
7988
4833
9135
7649
5192
9885
106
5914
2505
7772
6381
5973
482
7730
2445
226
1826
7482
6592
8716
8802
887
6975
9304
2402
5278
1508
7564
3963
9636
2875
6029
5331
284
8662
9823
6116
5958
6707
4266
9844
908
3549
5853
9666
5770
2244
6577
5740
2221
5823
6590
4738
8875
1687
5039
2519
1684
7330
8937
3881
3758
7115
6729
6848
3684
5999
844
5967
2038
1962
7999
6783
9686
2035
1176
5246
9026
1383
7105
1344
322
4766
9965
6764
9129
6107
2582
5919
8746
9245
3901
667
3677
8561
2174
3810
3381
1031
7981
6238
6643
5565
7013
5837
2865
8770
6036
9845
4987
6805
8992
1575
3009
5004
6174
5588
5883
17
2934
1144
2871
7753
8029
8016
8372
782
7289
9880
7711
3151
8741
9395
6479
795
6452
8039
5676
9362
581
1559
2596
7380
6109
8075
1191
5554
6176
2716
4811
1721
7351
3844
6947
1529
2762
1905
5454
1909
1764
2959
2417
2842
1125
7448
6223
5936
3133
4821
7085
9261
6066
6418
241
5971
8615
1348
2149
8408
2000
6642
1475
1332
5773
536
6518
2774
7550
1579
3317
5493
6672
8165
9888
634
7485
663
2893
476
2156
1274
7477
517
1291
2493
1364
1192
7617
9745
8233
1089
4853
6463
973
3749
4211
3459
6508
9762
9818
4949
163
8915
8961
9789
3954
2770
9415
9892
8030
1466
3121
4535
9319
5930
488
9755
5189
6417
9136
6683
9132
2077
4109
8693
8357
8758
8318
4938
7196
9522
6505
2532
1172
5838
1170
1280
1879
3248
9278
4105
6932
6429
5022
9477
2740
3466
8640
242
248
2169
7714
6860
3072
1193
5725
552
2034
648
7817
7972
7923
8545
7332
3168
5854
7928
6482
5150
6211
7869
8963
3871
7796
6135
5055
453
4982
3769
4695
3653
5264
2311
8434
7484
6842
1050
1183
6958
6730
4124
7834
7717
6007
5573
7776
3608
3166
9987
2260
6487
7462
7899
9442
8671
8539
4966
2612
5105
4295
3709
1071
8622
9725
9583
7600
3041
9434
960
6123
5381
4756
7919
6492
891
3735
286
3370
3932
1941
7370
7846
7737
7070
9950
93
9216
8170
3740
1825
5292
8793
3941
4997
6817
1317
4571
3313
39
6992
1162
356
4544
832
8726
6579
7690
4010
7152
5183
6533
6377
341
8210
4832
2071
7356
1078
6216
3927
9554
9154
8064
4025
4631
4357
6202
6645
1357
4440
4152
4194
5789
5960
7627
1438
6951
5683
8792
9120
3966
4225
9334
6270
3291
6609
5156
1249
1324
4618
9626
6532
65
5521
3814
4886
2346
1337
9459
8541
6957
2866
3170
8351
8443
10
3285
4054
1469
4722
6069
4074
6195
3288
7502
8670
3076
2194
7825
5428
7450
8699
5287
1550
1849
710
9263
8997
9968
2117
9447
4648
8014
8554
7575
576
5615
6826
367
6885
4542
5751
3084
1697
9318
9104
658
8806
9991
5216
7278
3444
702
791
7645
679
6830
7457
2480
3730
8804
764
9944
2299
2766
7216
3702
3197
2237
8931
3528
9005
3461
6603
6725
2743
124
5602
7108
1333
998
5887
9432
9957
2359
5036
2145
5687
4287
5176
1414
7140
688
6478
6901
6629
3960
9208
5153
4623
158
3910
7069
4231
7461
8492
2652
9505
9241
7167
8098
5478
3110
5628
9031
4284
1668
1441
1353
6490
3931
3672
8767
619
4799
3888
4408
4900
8687
6924
5050
9952
2590
6526
7346
5031
3865
8314
848
5107
6341
3346
9650
6591
2100
6289
1007
9309
6372
9195
8435
742
198
2554
9866
2360
4913
6500
2507
3144
9852
8562
3279
7073
4004
5795
3635
826
8057
2111
8675
2379
4048
1522
9901
1455
6778
2019
2693
2862
1883
991
466
1908
9795
7460
3640
9057
1363
2597
2440
1008
1737
9929
426
8265
1228
9651
8999
1741
38
856
3280
2572
6831
3348
1368
5722
7369
1966
8517
1746
8959
5136
8397
8702
9422
666
6076
2106
7892
6814
4836
8196
8531
3128
790
8901
3394
9808
6999
6245
3415
3971
6142
2701
3104
7693
421
3794
6563
9072
3913
7192
9257
4589
7663
6652
8223
4809
7856
7631
7312
3198
5300
1453
6003
657
1171
8456
9881
3165
5631
7114
3720
6625
1683
2138
2528
3812
8060
2504
918
8237
7736
7685
3344
1493
6712
6937
1899
7391
7530
2457
1816
19
6582
8292
7384
7543
8870
4431
5767
4040
5634
9578
2943
7224
4230
5756
7455
5412
6339
1637
7658
3299
639
61
6555
9177
1461
1463
1505
4588
4685
8837
5294
2527
5128
2461
6799
1698
3742
8240
7258
139
2381
2566
9280
2538
6454
6542
675
5480
5462
7514
5075
4099
5366
5277
9643
3436
9741
390
6358
715
2501
285
4598
4161
7914
5729
8387
8346
781
3562
8803
6403
1931
2970
2072
8410
4774
6657
4315
1956
7057
4840
7345
4129
424
1117
7862
3454
4955
3832
6638
7918
2333
8559
4855
2105
4476
7033
9620
4597
6530
917
4043
1165
9631
8798
1054
5154
3516
1551
3712
3278
7831
8660
695
825
1339
3252
4521
4082
4491
2222
2499
9413
6567
5342
7948
7565
2137
2347
6574
691
5313
1786
5745
8735
4236
2732
8383
7267
310
1232
314
4275
3992
5981
2491
8214
6020
7975
7626
3753
964
9563
1993
5502
6365
7123
3078
1623
2213
9529
6757
1882
9742
4798
4358
4228
9787
7912
6331
5213
1599
8583
4338
8527
1911
9284
3519
9903
9151
584
8634
4196
8043
9032
1700
7827
6343
9365
3859
5774
9491
7014
9385
3092
4878
5902
4420
4027
1946
5272
7673
2494
6420
4318
6016
59
3984
5326
4463
996
9552
3800
2933
1195
6569
5236
332
1815
9947
3777
8774
5787
8037
3807
6229
769
1237
8685
7740
7008
7560
1236
8200
8074
6997
6292
4021
7321
233
533
9479
3605
3118
9587
478
2635
5568
1914
4952
9262
7902
8841
1706
5095
6169
429
2178
9
8516
186
4141
9002
6306
3005
5665
8209
2829
5673
8799
3345
3049
1131
7898
9231
5520
3499
8852
6754
8048
7947
3419
9833
1444
6711
8220
5962
5146
9366
3703
5811
304
898
4847
8425
1733
1190
9171
9989
2324
6315
9941
3641
7577
6861
3633
3047
2585
4312
5978
7417
2573
7144
5237
881
3473
8913
1003
4788
6100
8922
1509
8229
414
3823
1756
9594
2007
5708
50
3173
6988
4468
9675
6291
2025
5721
195
6818
4172
713
1457
2013
8480
8238
3245
727
7492
2646
8256
9233
7958
1566
2587
7566
2080
7154
2326
5423
3117
4874
5963
8101
1547
4397
6445
8414
4466
5636
6363
5255
6612
5953
120
4715
405
499
8876
9731
7061
3311
2860
4150
7001
6058
3068
6557
7968
4663
1205
8714
9649
443
6906
6301
3553
5020
416
2741
9683
2506
7399
6714
906
8495
9086
135
1866
870
2524
2884
1313
8409
1790
1970
5545
6722
147
519
342
6953
1601
6215
9181
1848
2153
1473
7924
2086
6273
1366
2564
6598
893
8965
6113
8376
1484
2024
7779
6153
5850
2334
8454
4462
5273
962
2280
5533
9109
4827
6370
2896
3188
5377
8665
2450
698
4560
9089
436
7567
1649
5263
2270
2827
1096
950
1809
5116
1163
4088
6649
7774
4652
9706
5417
1395
6721
2555
3101
5438
7859
207
9424
7984
1056
9269
5509
8801
3972
7382
9468
4864
7579
1921
5645
148
5946
8177
3441
8610
4189
3244
4553
5071
1732
1990
1281
7943
7873
7836
6101
8207
6884
2037
9091
1150
9185
5037
9028
4078
9591
979
4453
1536
7186
8668
4731
407
4998
5792
5180
7035
4859
7847
4595
7062
4038
4876
9441
2801
4417
4414
3949
2752
2988
4591
1991
4203
2390
4317
3242
6108
1381
7581
3483
8058
4475
6525
5041
3946
1864
2780
6920
1518
279
7735
30
542
6406
2285
5975
3109
9971
4144
2332
3322
7832
2168
1740
6959
2633
4930
931
2010
9268
7507
2363
6819
7125
6665
8872
4426
5537
2912
9155
8277
7142
1011
5799
5117
9266
9170
4238
2890
3377
409
2288
2424
5638
1540
4950
7541
9451
1200
8028
7026
4515
9715
5418
1647
8312
4921
6903
7299
1677
315
6437
721
7696
3620
6152
8949
7803
2462
9849
1820
1652
7334
9970
6787
9507
1645
2433
7442
7327
8036
5280
6297
7151
4559
7181
757
5261
4704
8761
7651
7728
4392
7553
1419
3864
8904
18
6760
6780
9313
3973
7642
2274
4649
8621
3763
6902
4464
2235
9798
711
1396
5490
5552
9073
9806
677
5881
8881
2278
7542
8297
3386
2520
8168
8469
4009
1174
1082
6973
2257
5820
4996
4160
7145
7563
5701
8586
57
4127
8988
4353
3700
3254
6025
3713
6548
8328
5600
7244
9525
5341
6193
214
5109
8579
8592
8764
4856
4877
9411
204
6097
8159
709
7453
1689
3384
1951
6277
4513
8970
5315
5739
9858
9431
3761
5724
3632
1110
5245
2964
922
2226
7323
2154
7684
3594
8092
3690
6801
7635
9255
5265
1203
6094
1889
6744
7090
6099
3759
7103
6486
9815
9696
2905
2680
7095
301
142
9239
7138
2666
5249
2944
1312
2856
7804
4416
355
3368
2148
5256
2484
7643
3934
6510
7353
4495
8472
4675
7496
4613
4824
257
4895
2845
5126
3523
1800
5472
3099
1556
215
602
6765
8838
5173
351
1349
2090
3933
2971
3511
2938
3727
6784
3654
7099
8697
4348
4845
7595
9883
2563
8800
3581
1634
4758
4384
8874
2748
2776
3216
1087
4106
47
9392
4366
1679
1739
433
5476
884
7868
1573
1861
2351
1356
9674
2423
8651
3748
3004
7222
8381
5731
6317
4575
6473
3476
7554
7888
9453
6956
1345
6413
3787
3819
4550
1907
1027
5325
8155
624
6356
4834
7292
6251
112
1532
8727
5034
935
2654
6070
6091
5865
6000
2869
7855
969
1985
3238
8760
4030
585
5144
6622
5211
7612
5717
394
763
7946
6679
5078
5058
930
6838
200
6204
2721
2984
1715
7094
3915
9560
9011
9186
8964
9544
9022
2487
8055
5892
6871
1624
3194
5829
9920
2195
530
3657
9986
2191
3574
1803
2073
7925
6177
474
3455
2377
6104
5112
6628
4899
1858
150
2539
5445
3522
1194
6386
3643
7219
8403
3425
5044
9645
1767
2837
2534
8982
5402
9339
6146
2425
1731
3967
4168
3056
1749
1713
4309
4851
2846
5052
6145
3987
1
5500
3063
8327
7910
8249
6575
2217
3482
7633
3885
489
3539
5010
3692
7022
2233
1066
5538
347
3363
5295
3297
6606
3821
4190
4345
2134
5019
3127
9661
1779
2093
2271
3560
1030
6441
6666
6782
3145
427
3576
7230
4831
1553
3353
3031
7024
2608
9868
6917
3132
7660
2767
8953
4008
2902
3379
4321
9056
110
2159
5017
4393
4755
1927
5174
6378
5033
4522
3267
5456
6550
2817
729
4541
71
4925
7315
6857
2919
9827
8509
444
860
7229
7704
2825
2851
9348
801
5345
9007
3625
5845
8721
4301
3206
3897
2406
2182
8939
3899
7992
5290
8052
2783
8529
1851
4445
9276
5372
548
6083
8340
796
1084
1609
9639
9939
959
2164
7723
3682
2775
9693
395
804
6077
4108
5798
6955
6546
5950
2052
7812
692
3301
1967
6938
5257
9219
7903
2728
6407
8701
7367
1362
7996
875
3568
1405
5617
7985
4682
276
627
8148
5661
1293
3646
6002
5479
553
2873
5444
946
6348
1834
7272
2709
9062
7257
534
7393
3950
9508
4860
1063
8477
9292
3178
1981
7007
406
4608
357
288
3075
6443
2048
3660
5732
2113
6294
1497
4657
8857
4964
9076
6974
3561
3649
7614
7977
4447
138
8371
6791
3208
2879
2435
3073
2220
3903
6685
4276
8419
1639
4628
7611
6285
1971
8776
4079
4745
6768
1930
5266
149
1523
2627
9919
7378
1593
8683
5741
3662
2836
2867
6067
9743
281
9543
8194
2075
4844
1852
205
8141
8609
4250
3669
1486
1561
9340
1101
6448
90
8418
3546
1044
9724
2296
7632
9043
6688
562
949
550
8452
449
7425
4989
415
1223
1240
9389
1938
3762
5651
9826
8955
8103
1310
9909
4019
441
4325
9209
3493
307
7317
3089
7980
3088
2490
2193
4390
5891
6457
2177
1244
6717
8637
5647
4436
7650
1651
1640
766
8476
4322
9584
1610
396
6950
3007
4566
9193
4492
4776
4995
4472
6051
9662
1670
2681
1177
1464
3177
3603
5149
9964
9821
9430
8616
5403
6009
7010
1955
1243
4259
7624
8065
9307
631
7238
1922
7273
7731
3772
9973
8511
3
5229
3111
5424
155
7705
843
3914
6424
6456
3024
3221
7798
1485
2039
9934
2198
1076
6080
7506
5391
2562
9752
2544
7808
7101
5659
9080
7237
3066
8863
3701
7535
883
2067
2691
8775
7018
9851
2904
9600
5766
8263
116
1098
4136
9671
8442
9768
5868
9299
2366
854
740
8166
632
190
8144
8513
4972
1676
8329
1213
1394
3138
391
3241
2483
8415
5644
2861
7400
3718
4359
6161
4929
5119
5346
2171
1085
2547
5415
1490
2241
7133
5763
2387
3645
2515
7044
1290
5876
4405
8199
6172
5828
5899
4585
9846
6184
2186
4907
4118
7805
4095
3331
9419
179
5131
1744
4662
9874
7149
7969
1590
2835
1338
9417
2060
1988
4653
9465
5399
3209
2720
2769
2094
850
3450
4810
1992
936
2589
3583
6912
9223
4720
2651
2690
9518
6693
2385
5425
4721
9036
1607
3213
7304
5534
3061
2620
4249
6127
3588
5528
1544
9066
520
7789
7362
3836
8464
1041
2990
1874
72
3447
5026
70
8274
4802
7770
2949
451
1954
7173
5320
7134
9095
9045
4892
1785
6589
8248
2352
4823
9113
2883
2170
8365
6549
9765
3826
9198
129
9350
5406
9267
4945
4186
7792
1837
7620
8181
9796
370
1330
6313
8121
1399
1860
551
4235
4514
9001
2723
8268
3191
8362
457
8749
1868
7017
6044
1070
5157
8991
1855
3995
7463
7967
9932
4554
731
9700
161
5525
7187
188
616
7366
1392
6614
2173
5217
8902
1123
6910
9260
5220
3621
8395
2471
4866
8630
3207
6411
267
5191
3460
1157
8255
8686
9061
1487
9102
4693
2012
8691
3651
9832
4523
1495
3693
5688
4044
6856
4263
6556
4398
5027
8361
193
1572
1839
7527
1887
9524
9463
9729
2305
800
4212
4862
3828
16
6191
4143
9779
6459
7885
1238
2465
2978
9134
3002
947
3745
7609
4375
210
2574
6137
219
6031
1287
3480
9911
9281
3911
2727
9658
4863
3171
8042
4512
1321
5468
6948
8108
6105
956
3094
9386
6450
2906
7153
4629
1052
9197
3347
2467
9270
4485
7573
1776
4690
7760
8176
7647
6985
3374
5134
3803
9443
4757
577
7578
4954
7491
555
9531
1384
3816
3323
7231
5433
9238
707
271
5991
890
4380
4724
1810
8715
8172
5753
507
5927
807
82
1286
4406
1083
3333
8102
5996
1842
779
4102
5068
765
8706
4094
6716
819
1299
8688
1220
594
4617
8809
8213
8540
1972
1863
9958
5431
549
7437
68
8742
9940
6521
2898
8140
9913
3406
2157
3013
6566
306
4157
3338
2530
1538
3155
8184
2957
7844
9166
3201
4073
7412
5115
2843
7119
2287
2197
4587
5460
9067
1382
8865
1675
9159
184
9402
5503
1039
2571
6798
2422
6854
7489
1296
9037
5866
448
8812
5506
283
5872
5259
8652
4981
9009
2246
2907
4883
1857
1617
5738
2650
895
5994
857
9800
3182
4625
3599
4787
1307
2
6986
4650
9356
7623
380
2062
1896
6600
4624
9517
681
8657
5390
778
6449
7000
206
9549
8653
753
7355
5780
1137
926
2252
7672
3161
2101
6708
9609
9112
8932
1655
2853
1048
9352
7381
2735
9976
2408
573
9538
9712
5222
9214
8040
7960
5869
4425
1769
701
878
768
1771
1608
136
8728
1257
4583
1832
8708
3025
8486
4188
7916
2789
4582
2348
4142
6565
5168
222
5848
8926
105
6646
170
622
593
6682
1235
9077
1565
5702
7401
4957
4906
1456
6111
5242
48
5656
1564
7729
643
211
9930
9467
3385
4460
2238
6806
6928
5435
6921
4200
7245
9341
3260
636
1140
1097
9196
2615
7486
1603
2403
2410
3271
7223
9317
4940
9308
6263
4365
5955
2717
3788
7883
712
2172
1431
3008
6041
6151
2760
8436
8275
8928
6820
5306
2074
2699
5079
4920
6063
6868
7585
1001
53
7493
8720
128
9797
1605
1986
1978
4374
203
8990
1389
5578
4381
7193
4594
6697
9360
7545
8917
9204
9397
6010
2306
501
6275
5458
4220
3268
3564
2396
1488
2180
234
6228
4270
1766
4947
2806
9996
7490
8713
9938
8257
8860
44
7921
6149
1577
6180
2929
7702
8957
3664
2098
1808
7853
9869
9784
2201
5314
9707
9382
8228
3585
3861
8557
7255
2921
8206
9698
5368
6460
2956
4494
8789
5369
1422
8845
1479
8227
7547
3631
4362
9221
5241
5558
2913
3369
7741
7982
7438
3521
2181
6217
9190
6086
9457
2232
3969
3928
5317
5250
5870
7905
8747
2143
5297
2342
2179
7583
9034
2600
7634
8514
9946
6632
6187
5158
3509
683
2641
7907
9799
4032
8885
6255
6164
1724
2320
6913
4138
4728
7574
8258
5231
8094
6554
3259
5276
7305
7639
5808
5483
4733
4163
6968
8012
5752
7302
2455
5184
1198
9296
6650
2810
9351
1644
6345
3019
1964
873
2176
6121
8316
8254
2578
4149
839
8302
6236
7739
6355
4896
2796
8164
6879
3243
8914
6996
5875
4184
3388
69
8818
6715
3497
6224
8468
8566
1520
2621
8967
7354
1735
6119
5122
8232
4818
5649
8467
7402
3860
8596
3393
2357
6792
3352
8619
1811
145
3869
4218
2239
758
2477
7707
1515
6876
2739
3190
705
1467
6803
9630
8575
8520
9119
5223
8116
3805
2316
7051
7833
4557
6156
6488
4843
8134
7200
5511
9521
7303
9083
4059
7189
4052
6506
9659
1273
8260
8673
7288
3728
2136
955
397
708
1791
7745
4110
7516
8305
859
6748
1912
9704
1968
4549
7659
4395
518
5658
4984
3457
3035
9298
9564
4732
2103
2361
6162
2321
7497
2166
810
8681
8567
24
6705
3671
3462
2736
5501
9723
861
8212
5512
8186
4548
1188
8261
6225
2928
9748
5888
6295
6681
2734
8903
566
2343
8822
4045
4089
8542
6001
1408
545
9628
8632
4915
8385
1397
570
2219
4326
6537
6286
4036
6227
7348
1118
3424
1506
5590
1720
2804
7211
1678
8518
7519
3141
8282
9494
2314
8573
8733
3330
6338
7261
1124
9286
2104
6878
5351
9454
9602
980
7720
8979
3732
7097
9838
838
4681
6841
6971
9305
4394
6342
8896
9910
2682
236
8242
3843
3686
2579
408
4762
1201
1999
5716
1480
5268
8628
7147
6382
3277
2115
8364
5137
2599
5357
5353
5093
9050
6018
6808
2782
6660
2097
6922
3505
2095
6234
8695
4474
9891
9141
8828
5945
1272
7038
5138
8777
3378
4901
7674
2715
8864
8143
1378
8725
5001
5529
1169
4280
1451
7691
6118
7954
4119
1116
8690
2976
2999
7891
9294
2671
6144
6318
3131
6481
7533
4846
9553
1765
9330
7879
6877
5551
3294
4243
9515
6335
9673
5937
4584
1729
5284
9311
9312
4198
8304
5836
689
7388
8301
6775
8470
5507
4481
2119
2496
2788
8590
8794
3569
9717
951
3196
7920
4673
2614
6779
2189
2917
1365
5120
863
1995
423
6847
7935
78
2745
6880
5826
6835
9547
1253
4305
7274
7628
6734
495
9410
2203
2328
5913
7389
420
5296
456
9577
4023
2277
8154
9697
2317
8861
4620
9128
1251
3666
833
2756
564
2250
6900
3464
7169
2859
4801
8293
9719
2376
3236
4298
1824
7447
6233
5842
5398
7886
7398
303
1504
1534
3708
9490
6428
7282
4148
1423
8396
7546
5755
5209
9303
3354
6432
909
5516
4046
6071
3947
9224
9487
8266
3868
3125
3293
2338
9355
7900
2032
9597
8779
8711
6209
9482
4943
4897
1302
9475
978
5303
4803
109
9235
477
3276
7298
3220
2284
3225
8439
1437
3617
9995
563
4760
4081
512
8594
237
7301
3312
9201
6995
1407
5715
4642
4053
9694
6087
2158
8773
9021
5083
239
7058
7426
5053
3484
4332
4611
4379
1325
9898
1877
2152
2495
9813
7020
3273
5405
4974
6288
4713
8755
3639
2798
460
5777
8079
6933
6587
1132
5793
1390
1360
4367
8310
5047
28
2833
921
9150
8676
4180
9381
3223
9079
6756
7950
9540
3518
2868
2606
5744
6134
9917
5624
5244
6965
1178
5877
9191
3534
1814
2947
2558
9739
7861
4496
7630
5452
7529
992
6839
7444
1833
9907
4042
8501
4126
1433
6081
9562
4684
5844
2989
2954
4772
5956
1806
4278
9975
1326
1969
1016
972
9123
4122
9336
9638
755
9323
5703
3924
2452
5113
4075
7276
7326
982
9378
1631
7102
3300
7997
5489
6776
8515
1789
2657
4894
834
1080
7368
254
3015
6262
8400
1492
3908
719
4635
4999
6059
8035
7202
6753
3851
9570
5455
7098
1470
5855
8334
5935
8427
4269
5124
4579
8320
2190
461
3600
6732
7076
1283
2369
5132
8868
3249
2601
7473
6390
1112
6970
5934
6740
2488
4933
8192
544
2567
9000
7168
9945
1187
6030
8273
4527
9321
8771
1010
6221
9176
7652
5008
9855
6804
4868
6360
5352
3957
6242
5400
510
1218
7182
1025
8038
5948
229
8125
9555
9993
3266
2225
2552
5186
7190
1705
6391
2812
3351
4951
5694
4696
5161
181
5440
1760
3387
450
7443
2594
9854
6989
7413
664
100
386
8288
1136
8572
3309
9346
3090
8366
2536
8139
6237
2262
3389
4320
2418
4201
6670
3988
6881
173
2892
678
5563
2289
1012
9782
7505
7404
7459
2611
7759
3376
1580
6882
3982
1897
4926
1064
776
5707
7031
824
9747
1182
3053
9249
3723
680
224
8157
8585
1436
3458
1143
9652
6096
4708
9559
7785
4173
3920
3862
6373
4965
8133
439
1915
3305
4782
9377
1352
9210
5485
7430
9173
8867
4734
5224
5548
3137
9399
4071
45
4716
1989
2378
4484
8122
3679
5048
3028
7011
9684
6727
5323
4486
4779
672
561
7606
2886
2286
7034
2969
1304
7174
6246
8972
140
9374
1710
6300
102
6892
2551
8106
8431
9966
4411
7104
298
4505
8986
4077
8404
485
21
2525
8353
1754
3557
8507
5279
7451
6675
7956
2383
9092
1846
9464
735
2909
3719
8463
275
4796
7012
8083
6321
3077
8226
1570
4517
400
4391
1528
6925
9582
4195
4605
419
8
5972
1844
8099
8455
3023
4743
4155
6243
5979
5477
1483
4647
9616
6553
4525
5591
9592
1403
463
3202
1674
8606
9703
4086
6991
1847
6279
649
5018
3126
5439
5886
3722
4504
3442
9948
6733
1331
3958
1069
8578
9489
1818
6522
4217
1618
974
5699
6110
3471
808
8643
4741
7343
733
2294
6962
4022
8117
8593
8342
1300
6183
373
2645
1913
4435
7198
2292
6618
3164
9894
8646
9265
2593
2053
2087
4176
5544
3726
3627
987
1319
4671
3253
8782
7517
3470
4133
6568
5812
1093
98
3906
8996
8580
638
6983
6931
5318
8564
816
7110
6471
2729
9804
2364
8553
3537
901
9124
5420
2129
3563
2497
1937
3985
331
7488
8330
612
5350
3477
2460
1155
1963
5639
268
8532
6334
3845
490
7908
7392
6375
1925
5238
5572
2695
4761
3696
4248
5562
1595
6188
7509
5441
817
5086
5123
8968
4903
9699
4137
8027
43
9811
4873
4785
2183
9988
6790
8259
5582
3647
7314
5160
3413
3630
5446
9069
6143
9414
6057
121
9329
5905
266
7857
5894
32
3555
6045
2022
3390
9794
7850
5447
9842
480
2295
4919
3463
6283
3153
8355
6427
9116
411
25
697
6837
1690
3430
6265
6158
6269
77
1425
7329
8337
6226
7199
822
829
1957
5727
4346
6633
3416
4215
2453
434
1210
2474
9985
3838
3652
6393
8394
2310
8374
8948
9840
9967
8847
2054
4959
6430
4993
9558
1701
5492
1524
9634
3237
8264
3535
3811
1179
8971
8625
5560
392
1568
8631
1653
9164
8388
4518
7670
1533
9016
3678
676
8343
2227
4960
6337
889
4182
7194
9830
3895
5376
9327
2312
5436
5679
1429
9018
8306
3578
3046
8524
1435
7854
924
6834
1303
7524
5005
1503
5142
9984
8475
9865
1802
8862
2120
3383
2939
5585
6249
9657
5201
2446
7055
6431
4370
1602
7432
8149
9063
4282
6795
8877
3258
3274
8386
7773
961
5457
2725
245
1242
716
8271
3508
201
3156
2020
2367
9718
8497
3472
4735
4202
3614
1229
4121
3856
5596
3098
9452
2955
4465
4304
2192
7306
225
2002
5359
5924
9961
1062
8473
6966
8183
1327
5302
8560
4656
7316
2864
7790
3217
1892
6171
7161
5764
2712
3488
9290
7214
3239
9757
9478
2916
9691
3339
607
5840
4360
4415
9359
5469
1582
8462
5167
1943
5165
4746
7536
9211
8280
770
5032
2510
3418
4274
277
2431
818
5575
3000
1853
4333
3886
6836
8962
2777
5747
7297
4455
5310
6827
6709
8546
3786
4889
3815
8600
5515
3437
3501
9345
5365
5626
2517
2992
6751
7243
3548
3782
2512
9202
1065
5742
6570
2711
4764
5286
3210
2952
8627
9388
3469
8577
7233
3875
445
4385
2706
7683
1315
1903
5574
7733
9824
6604
5547
685
6611
5952
1428
7555
8235
6864
646
3704
8888
7878
8393
151
2085
5882
7656
2205
9705
3698
6894
1347
8243
5700
94
7811
2243
6466
6644
9942
2687
9994
4003
6595
498
8082
1516
8595
5233
1592
7781
6886
4749
2576
4619
2815
8182
8478
1642
7771
5282
6578
5091
2688
6541
8377
8555
1526
9401
4710
8070
9783
2240
3636
7667
5896
2903
7175
6498
7837
8130
7504
3979
5986
5612
4130
4056
7406
5523
7080
7281
9877
8097
7814
1794
442
669
345
9746
7961
2595
91
1358
6130
131
7028
6580
8943
1822
5567
916
1752
2704
9428
5918
7172
8620
8759
923
8884
8276
7156
7307
5805
6621
162
2319
6280
8072
89
5893
8823
388
6639
5920
1060
232
8994
6163
7266
2210
5609
3251
7479
1828
4289
9692
8744
5856
912
9533
9848
5029
5621
6212
5912
1376
4257
1591
9498
9788
5247
5291
3079
2685
985
3440
9754
350
8298
9232
9828
8840
8114
3218
1224
7531
4252
4039
5080
99
2556
5448
1543
9509
9096
1628
5100
4730
9448
9753
2713
6014
1351
216
9230
8004
6258
9758
4804
7959
2188
752
5421
6415
5871
7933
9373
7363
3420
7757
6586
5495
2908
2059
8322
4969
165
9117
7283
4994
4609
793
4388
7416
1632
1206
8987
2553
54
4839
5338
1186
4867
6380
8537
9169
3043
4526
1917
1159
8354
9055
6692
1994
3255
8446
6507
379
5394
9565
8924
940
5976
366
9337
789
820
5355
7170
2863
4291
9982
8068
8390
7882
1142
8565
3694
7116
9139
640
8995
8591
9886
26
2371
4461
652
8152
3656
3434
5364
4307
6766
9259
9503
8558
1660
8663
6095
4561
9470
1154
8025
7300
6718
1115
8724
5907
862
9497
4498
6253
9450
7569
5570
1850
2308
4111
4562
1074
6210
6523
3779
1105
6873
8754
29
8429
9867
7665
3106
3968
2598
9633
1100
2923
995
1725
2451
4691
2686
2602
9777
5012
899
3754
2476
6640
5599
4865
7260
827
2427
4884
8891
7077
9619
6214
1258
1778
9873
4814
8222
3186
6547
9843
5592
9589
153
9476
3438
3095
6543
2454
8748
4677
113
9472
9740
1372
1596
3010
6584
7124
4753
7126
9640
6240
8638
699
1669
3909
4439
7256
9332
6648
7150
9486
287
651
349
8146
3467
4237
2443
879
4688
2437
6755
9803
6626
3407
8156
8481
6231
9222
5750
2738
7324
7791
6821
1686
9708
8056
5674
9726
4767
4988
5925
3022
4543
1138
4070
7682
9161
8796
7118
7290
6022
2482
4051
7365
1576
302
7915
6724
2354
6260
8433
5336
8284
773
3074
5177
7602
4670
9614
9606
4387
3572
9925
7265
7799
4968
7252
2684
1340
4123
6700
595
1717
5667
3827
7613
3837
5606
5643
4232
1252
7414
9772
2937
5464
8405
9071
3791
2456
4510
9528
8521
3593
2932
6796
7727
253
3644
7777
4487
4458
4830
1227
5051
5248
8080
4858
5129
8597
4850
8855
8326
3289
8886
9118
5710
1250
8150
5450
9760
4516
6333
1702
1875
2625
999
6763
1361
6659
3321
4113
4956
3852
1160
383
1059
7501
9342
5339
4140
9165
9829
7374
8783
496
1013
4961
3667
1663
4065
6244
9778
8137
1478
9157
7582
1919
4946
6093
539
641
111
1958
4538
8460
7364
8866
3953
3940
6198
4251
5108
1411
8658
2223
4842
9612
7268
7480
1000
8071
5970
9020
7139
1184
5103
6278
5706
5484
1323
2005
1068
3661
5619
6444
900
7429
4223
9409
745
4306
8849
5692
2500
1945
4297
6354
7874
3362
2577
7715
9870
1375
2575
1329
9959
8890
2730
2429
2492
7472
7242
2264
4199
261
7738
7403
3120
2581
4775
6344
182
137
4308
1821
2420
9324
5632
5225
4386
3930
8842
1695
2647
8128
6984
3496
7431
5637
739
3150
6252
8930
8047
7783
6602
7743
4272
7295
3883
4848
56
6017
115
6770
8734
8008
9687
1104
4551
8281
1947
4005
9435
5908
690
9814
2632
8432
7436
7498
8015
7572
3766
6027
3314
2394
311
6219
2936
2799
4316
1161
2442
8379
9774
6404
7851
5821
2891
4244
8482
7427
2914
9338
580
4125
3970
8335
7045
1792
8332
6170
2268
7990
1998
6103
2802
4875
7680
9370
9801
1625
6309
9493
3545
1586
8359
2742
4852
31
8451
5583
3755
4068
6462
5141
1049
6033
7521
5911
8784
8459
5305
725
942
3602
5196
2643
3228
7687
2982
4115
8827
4679
5067
9586
8323
1587
2401
8120
7037
4197
645
2127
703
4020
9635
3634
2432
1398
3039
3867
7697
3517
6064
7372
583
5576
9857
8659
7446
5549
3980
1120
1763
346
9601
9759
8649
2831
3319
2234
2915
660
8105
497
1557
9418
3038
8895
1965
5188
647
6455
6053
3250
3916
7466
384
9114
5797
9951
6055
1865
5730
2737
2256
6322
1895
2995
36
3884
9047
4773
33
2282
7428
9576
5063
2639
7993
176
1704
5880
8307
4210
8171
723
5513
1619
4607
2746
1035
1722
4183
3587
2591
1517
3498
6923
6298
1926
3783
5992
3082
7744
9376
1168
1758
8285
1667
8356
8612
364
7597
9621
6794
4636
8941
805
8918
3665
4992
5769
2384
1037
6400
9520
4586
7470
7086
5794
3550
4310
8623
5671
5397
5327
1015
2897
9106
3831
5045
1588
15
8195
3367
2698
9653
6758
792
3670
9097
3912
3479
218
7748
2895
3942
3956
6941
2668
6980
8925
3219
2026
2981
9501
6517
1574
9672
5660
8740
7054
8289
1545
8703
4891
6112
2076
2187
3341
4058
4887
5384
5288
8417
5461
6816
5289
2110
7809
7284
6362
2747
1782
209
8061
5524
2470
9613
3736
5066
9471
5182
2391
2011
2974
9283
9624
1727
7093
4692
4797
4204
1320
5860
5941
9461
5897
7476
902
2293
3448
903
3265
525
6039
8788
8791
1885
4246
4678
5670
7203
7708
9288
6182
3402
943
177
4103
3752
3318
8175
8067
338
4740
1259
3494
7410
2708
4488
4581
5983
3609
5344
6472
1567
4686
4057
2679
4169
4134
5698
3052
986
2667
7148
8494
5684
7619
7
8138
2935
2535
5139
5375
1549
5
8336
8624
3154
4162
1823
3097
3577
3146
2150
8392
1401
2248
7813
2043
6662
4576
928
8834
2765
1984
2844
7454
4770
8389
4718
6739
3085
2335
88
1884
6538
4290
1902
221
1881
5654
653
5995
7359
1888
6964
4727
2466
2818
6855
4396
9462
7698
2664
6976
3846
7508
8498
171
8250
1108
3372
2229
8369
6458
7587
9101
925
9206
3983
2212
6068
3785
7710
6866
5939
7894
7877
9200
9663
7823
4423
9679
1147
1813
4060
7592
5974
3091
8648
9853
5977
5734
2689
7131
4621
2951
5815
7523
7713
1948
2413
1812
2307
2659
1578
1787
7294
3943
4967
4443
1343
717
3357
1542
6052
4694
2609
37
473
3507
9391
1942
2722
7084
3964
3552
6696
5374
164
7860
1045
5685
4812
6120
5765
5070
9053
3011
8491
3746
2121
3067
9024
6395
6636
4011
7599
3965
4499
324
4794
8502
3547
3364
9038
9992
8523
2533
842
374
2125
4751
157
9098
7686
5783
8810
428
272
1292
4132
7191
8644
3531
5614
7361
1694
9859
2662
2805
5443
9924
9905
6918
4817
6259
869
6207
7897
8005
9082
282
7887
3825
6899
4854
8629
2678
514
4093
4483
4857
5043
4838
8411
183
2809
4062
9955
7938
1439
5293
3566
4490
6752
8899
6011
7441
42
5546
8850
9205
9160
2009
1840
5467
8682
5215
7852
5163
6185
6048
2580
851
5227
9320
9660
1890
8187
1042
4480
9279
5262
9367
5605
4336
6824
2931
971
2458
6720
6942
9545
941
2820
6635
2273
8349
989
2132
6196
6927
6314
6133
4641
6008
7072
2089
8174
2498
5863
4752
3184
6893
3048
167
118
2830
8829
2139
2041
5735
8341
5316
9065
1975
2876
8824
3638
8603
8129
1801
6687
9721
126
4826
8401
5488
9404
5386
7002
8856
1047
2858
1114
6254
5308
7395
7475
6703
2526
4664
3773
9344
4528
1997
4637
5497
295
9168
2940
7646
3162
292
7750
7113
8311
2757
9162
8126
9820
4646
2399
8062
6504
3514
1067
5340
9654
4479
2665
8021
7695
3298
5475
1424
2341
8966
9421
4061
914
4402
343
6168
4979
3866
1181
3272
6276
6439
7499
6082
5982
9015
7015
3487
8765
7408
3446
8000
6519
4593
5077
2634
1768
1094
6502
868
9429
1901
1247
8819
5879
3655
642
7419
7604
6544
2694
3130
4437
3057
7483
365
4151
7358
6593
7768
5204
4638
5363
5254
319
7987
5806
6749
4206
3307
9603
9656
1635
5709
3840
8399
5360
2236
8045
4153
7678
3147
920
6412
1043
4659
8437
327
5422
8707
8300
9931
1636
7075
6698
6949
6247
4247
2251
4214
2881
2468
9579
3284
3087
97
6865
9331
5532
2356
2151
2303
6296
8935
7794
7998
4507
7188
8790
3818
5011
3029
1496
4422
5465
6601
3435
597
9887
4702
9179
7239
1755
9750
7386
5411
9623
3014
8017
7537
1761
786
6564
5395
7285
4667
2719
8576
9033
8484
9014
5759
8694
5655
321
3650
8151
4791
3797
2800
6512
8763
9142
939
8519
9300
3870
2206
6684
2392
4898
5693
2941
9295
313
9648
9519
3764
6911
4421
9099
6346
5916
6138
5442
5504
308
5219
7778
3850
4254
5867
6324
3504
1491
6943
3343
1747
877
2731
2047
2023
6494
3854
7019
2983
2330
1685
9949
3981
8973
5361
3751
8975
220
7994
9416
4963
1427
4701
5604
4193
2079
7653
5125
3774
2502
52
3659
5689
9243
7666
6576
8936
787
6520
7829
1421
952
2996
6037
5613
35
1297
40
9506
4083
6810
363
6572
5354
5569
3996
1133
728
5056
3033
2315
8167
1906
6631
9632
8667
96
7047
9916
4778
6746
7325
847
9884
1920
6936
5072
6012
7162
2656
8535
7025
9240
9353
7586
2754
2448
8024
4936
7318
6140
1309
5135
9935
4467
7132
5926
5595
5311
2202
3123
2122
5232
6862
9550
6141
6167
4632
9900
4355
6485
7279
4531
8178
8279
6529
1555
503
3589
9121
8745
4633
9054
2224
4432
2847
7271
1262
7751
6883
86
296
3695
2925
1046
9927
7287
6484
2958
5900
6990
2395
696
8296
4268
5598
4820
4
1953
6935
4273
8461
2325
6336
1305
9087
7293
5818
5410
3302
3105
5807
9203
9954
9682
5466
2337
535
4158
2655
7081
4885
6867
4780
2409
9979
738
9183
1034
2697
7471
1680
6916
516
230
8843
8287
6656
2018
2649
6271
435
5762
6312
9897
9732
5099
8412
3286
9375
4369
6987
1476
5096
9387
6021
7858
6327
1502
8123
4914
1022
2945
3990
8007
5931
4828
1088
2051
2214
8805
836
7383
5487
3998
1869
2826
5932
8051
7478
352
2583
1245
9906
3167
8391
802
5720
5539
4600
8438
9122
9622
7725
3017
2885
3174
6713
5804
2228
2478
4459
9013
1513
3533
6769
9646
2207
2518
1465
1716
3058
7160
2486
5696
599
6155
2672
8085
1693
9860
588
837
7692
1230
3211
465
9220
1355
273
1918
9248
8983
5928
3771
4610
3149
981
7752
2967
336
6509
7510
9937
9617
1616
6421
3847
4977
7603
1929
5969
3663
23
278
7871
7843
2108
1443
6813
3129
6139
369
4547
7435
1788
4645
5594
3187
9922
7780
2298
6741
1831
6477
3580
1711
610
3040
425
9438
830
9158
4569
8647
7121
9977
66
107
2700
5714
8001
5101
1876
7755
8944
2973
7590
4882
3839
2407
6777
880
3159
504
4978
9607
1777
5536
7973
4573
1458
2854
8153
5038
3069
3959
8848
589
4334
9615
5640
3977
2370
7934
4469
9213
8424
1923
5864
9456
2142
2375
3124
5530
3185
8444
144
7964
4841
5175
9008
746
3890
3021
4233
3853
5328
5474
9333
2808
6384
7788
2055
6811
572
3626
6926
3922
4098
7275
6489
3610
3538
8225
3750
3423
9153
2758
4666
5577
108
5543
673
7864
7909
9722
586
3395
963
7594
913
8549
2640
2279
687
9527
4572
7534
2568
8678
9133
122
670
2509
7143
2209
9895
4035
6641
2131
1308
4015
2874
7875
5825
2231
6615
2135
4546
7215
5662
1612
7503
3824
4986
894
9108
5434
4409
6515
9953
780
8344
628
9839
5473
9012
3768
4923
8821
1712
447
2676
8066
9647
3409
9802
6945
7824
5571
2753
6689
7849
7250
5046
4908
8543
9899
7540
9302
2521
6092
6726
1334
7802
8147
994
2977
6929
5057
7445
6728
521
5321
6480
6148
569
9152
3204
6126
5198
3833
1148
2993
8871
3571
3203
6789
8956
2773
4279
3200
3192
3902
7006
5000
8231
5998
2674
8892
62
6006
8009
4985
8772
8190
3474
7591
3575
479
6379
5270
6944
9850
2605
855
8234
9605
7839
9618
7589
6028
8033
5449
4493
9258
8380
8112
1898
7130
3027
9735
6745
2028
9383
6979
1682
7819
4937
4255
9403
8230
8003
6802
7551
8719
3373
7917
1004
4953
49
9100
686
10000
1346
4028
246
2882
2124
3030
7932
1472
5748
1369
7816
8448
7163
1430
9393
635
9044
7835
6200
244
6476
9178
2540
6594
9610
2793
8440
8853
1141
659
2380
249
3952
2128
8375
8109
7135
1386
1598
9744
7876
4177
8984
361
6311
4768
9469
5586
623
3715
5938
8851
5319
7822
2927
3743
5782
4634
6908
8050
1122
8807
3060
4944
212
656
8608
8666
8998
7557
3422
6349
63
5681
9093
2049
80
4283
1959
970
6680
8907
4064
6461
8605
7952
7048
2017
7927
6497
8993
6737
5947
2254
3114
4373
3907
9425
6272
1402
7418
2726
2063
3453
5746
8893
8820
2459
6963
2040
87
8946
6501
5597
8490
3433
9596
5839
418
3520
8044
9588
123
7005
6599
8989
2900
2779
143
4239
2412
3026
5356
554
7679
7178
7596
1552
133
5580
8894
5370
1512
794
4958
5430
4031
2565
5383
3532
481
7409
3689
528
866
4430
9131
4706
2123
8119
1404
8587
9786
5098
7106
1449
7331
73
290
3421
7797
4837
8496
305
8458
8054
1276
8398
5378
7040
4128
2218
2155
6250
2008
1757
4630
1648
7749
8737
8780
9585
749
9834
2761
7568
1886
5553
718
8179
3308
1058
9816
8674
9580
9569
2751
9914
1845
2965
3037
7322
6132
3158
5620
7440
9727
1018
7576
1654
7942
1629
3673
4795
2570
5049
4170
260
4556
2204
7340
6809
3181
7065
8104
300
6026
8290
3596
1527
8664
3478
2998
6160
6013
9314
7922
1661
8906
7309
722
3900
8910
732
9539
5253
2638
1734
1254
5239
5790
1017
2255
7210
5712
6858
6357
8413
9751
4792
472
5648
8641
9510
5564
4509
7468
8488
4156
9301
4932
1107
7262
5607
5499
2648
5312
316
965
6897
5608
3045
5074
2610
1208
7385
8978
6042
4352
9736
4412
5333
255
7088
1418
6516
3624
8198
8247
6898
8718
6496
7601
9167
6414
4383
3542
1738
6043
2116
8059
5874
2006
9847
694
1703
7213
2146
7913
74
3975
9780
2759
4590
3316
9347
4482
9701
9277
2991
8933
41
3234
9541
3780
7995
8086
598
6353
7866
3591
7584
8836
7221
83
8548
6605
4861
910
64
7548
5510
9242
8669
7742
7313
3524
1406
2374
5890
835
7027
2327
2118
76
8023
9730
2449
5832
3451
458
8887
9481
7588
1934
9446
4347
983
3536
5081
6446
1681
1585
9363
2516
8136
8026
446
7607
4793
2850
9147
4781
853
5498
5200
3858
8453
5267
6844
438
4229
4265
8449
3064
5007
1471
4327
3270
6704
5556
8465
8808
1709
674
7052
5496
1893
5814
911
9291
5419
9770
2918
2297
6661
4616
3051
7043
337
180
5758
1781
7668
1665
5210
8483
574
1673
4224
1002
3918
7347
2790
4262
1594
174
6686
4918
2586
3668
2872
8506
8927
3894
5593
1797
5760
5235
6815
556
2249
5324
4179
6710
7338
693
4497
7945
4537
7795
7983
6326
8642
8889
2368
1817
7949
8163
5961
3018
4442
340
2362
4970
8785
9902
5094
8031
3081
2629
4669
5382
6491
6426
6433
2592
437
968
4934
9182
4087
8221
8588
748
771
1316
3595
1434
9174
2828
7657
7023
8753
6181
4444
4880
7397
9188
8778
1780
7936
6637
9516
734
2607
1841
3741
2852
6061
422
6998
9499
831
5092
5695
6907
7112
1092
7296
7433
1554
7570
4107
7746
3512
5771
2400
7474
9611
4640
7158
5921
3417
7234
7333
382
3573
1723
3687
3175
3991
5114
8604
9761
3592
5145
2710
2061
8756
4763
944
3012
8858
197
7254
2911
958
5906
2247
1197
9111
4909
8360
874
6015
7758
625
5629
3366
737
6293
3391
4337
4976
7071
4104
2196
8859
9485
1658
5846
9251
8639
3115
4962
6895
3360
2339
1530
892
9980
565
79
1750
7155
3136
1569
175
872
6213
568
2786
3778
8331
5274
1248
4457
761
4674
189
1239
4697
9287
7277
7931
5260
5831
7681
3282
8882
8522
7965
7562
6667
7495
8879
2877
7552
2056
3792
7328
9856
7828
3541
3637
6750
3757
6653
6436
8873
7251
744
2046
3335
4627
243
9041
7205
168
3781
5949
4602
5791
6634
7421
5985
8317
1862
9890
4350
5830
7709
1759
720
8880
637
160
4187
7880
1613
134
5082
3359
1745
58
945
368
2626
9767
9390
3551
430
1499
8533
1370
6447
6359
976
4941
8309
8839
8512
3936
538
532
5205
6972
6232
2444
6178
470
6050
4739
6596
2546
9561
3404
3275
223
192
5584
1928
3699
6206
5347
7539
6267
7765
5028
9046
491
9126
5802
1391
7848
9017
1021
2961
4555
6383
8091
527
5379
7940
9246
575
4139
5625
9335
2703
7220
1521
6401
4606
235
9835
1265
1468
5148
9315
1335
5040
783
8426
1081
6654
9357
1379
5453
6940
6038
9140
8208
5542
4006
7405
6102
2557
5728
8650
6399
6165
633
5190
4536
4372
1835
9681
8457
8107
5718
1871
7842
7701
3327
9863
4881
2839
1294
1510
8110
4029
7712
9915
6793
1209
7067
5392
6967
6307
3408
4660
1077
12
3411
4540
8479
9297
5531
6981
4651
7050
8934
1130
1388
2653
2755
8373
353
606
5680
4001
6620
7821
4596
650
2102
4446
5862
6773
6299
3834
526
3806
8002
5954
543
6303
2948
2549
1807
5719
469
187
3055
5682
3721
7111
6166
5898
3235
6361
1204
812
3490
8731
7906
4256
8942
7558
8291
601
2901
5073
4558
9254
4047
9163
4511
3414
5016
1460
5550
5635
9030
7009
172
1167
611
3921
2045
3799
9229
1535
2276
8980
5269
8096
7718
3320
2029
3681
2144
6527
7079
3315
1799
7640
1393
5084
2069
4655
9059
1079
7648
4096
309
682
6065
1537
3570
3485
5121
8269
9831
9274
1090
3400
3775
8487
9876
2819
1153
3935
3976
7826
8766
4424
8347
1226
2355
9343
9488
797
9837
4748
6561
8420
3808
3122
7769
4084
5705
4299
9068
1525
9655
2880
2658
4567
8589
3412
13
5835
8692
5901
4234
325
3790
6154
5803
9568
7201
8368
4178
9785
387
1005
7694
8661
2878
3059
1139
5159
1699
130
2272
9590
2081
3989
5172
5463
541
8127
8679
5404
7644
9244
3328
4364
2469
6434
1091
2661
7232
7800
7208
7989
3776
1301
9127
3358
5713
8601
452
2283
9226
9433
1075
9523
9702
9372
4076
7815
2637
1630
7951
8530
7411
3332
1604
7185
8732
1266
4242
7082
2997
7538
3215
4599
8053
3193
5059
4368
4911
7559
4890
2447
1983
4829
788
475
5641
4991
6731
7204
9713
2791
6304
5407
3342
294
7056
20
5965
1650
8958
9495
5155
809
775
3725
9275
9107
7083
6117
455
4502
8135
9003
362
9689
2230
9728
1214
6846
3835
7689
6235
1482
5601
1121
8525
8100
9574
194
8974
8938
4615
9956
6863
1354
6560
5130
4314
2624
760
3142
2027
6869
7722
493
3148
4948
459
5307
774
404
7387
2068
5332
1935
3598
117
2015
191
840
785
706
2832
265
3556
5964
8006
7518
4097
3590
6671
3760
8115
1298
8299
6323
9156
644
3830
7249
8270
1742
4221
7349
2473
3405
7889
6676
5240
8626
7171
1216
2263
2942
6422
3172
2003
6993
3262
7146
2275
4705
7830
5181
6655
5110
9369
3431
671
7337
813
3116
2099
8241
2265
3877
2887
1622
1659
700
1664
5194
7377
354
3397
9325
7092
2211
571
620
6843
8500
4100
9572
4452
2922
4477
7226
9010
7021
202
5367
4711
3691
8041
2617
7638
2107
927
5003
4418
6089
6735
1638
4454
988
4323
9408
8613
8216
2669
7087
8421
6889
6552
8173
3756
6719
8510
5616
329
2349
5951
6845
262
8940
9143
4614
5697
6786
6189
1175
907
9110
4145
1793
9936
885
7109
8945
1222
9371
5603
6257
6128
1279
4784
7159
9094
3731
5025
6074
591
7676
6571
6325
3628
5118
1306
5540
3688
9805
3199
2430
4037
2794
5736
3892
3205
259
4049
9775
4147
1819
509
9960
4754
2281
8489
483
3107
6398
4822
358
9437
4703
8352
5677
559
2623
3567
8203
4928
6369
5152
5557
8677
1006
8073
4552
2705
2358
7456
7526
5559
6451
7046
5426
9841
4002
871
4744
6024
9427
3139
4816
6465
330
4419
9187
2322
7183
5754
7241
6147
256
747
2141
334
2926
5301
51
5061
4018
5199
2813
8705
1385
3611
5195
2421
2630
4790
494
8162
7218
1519
4253
2167
1350
8471
508
3747
3925
3283
6239
6800
2550
4603
4910
515
8251
938
2199
2816
8384
4808
8547
2985
4016
3513
1261
3100
6464
5380
5064
7197
3525
7677
9310
5847
5627
1980
4219
6388
114
8493
7235
2083
1979
5988
9420
5065
1600
9990
6891
8407
7360
5127
7049
814
8022
1982
5904
767
2543
5861
2147
9688
5491
258
919
3974
9819
6049
5686
412
8315
3295
7180
6691
841
7469
4159
8348
1691
2537
9406
9228
9048
9175
8283
5885
3486
317
5459
1156
6617
7896
3733
8538
3020
3329
5408
726
4330
8358
6469
4747
3938
1264
3606
6651
2545
3350
7375
6347
4403
6389
3427
2838
3623
7165
6056
8757
547
3697
3152
2781
2966
8018
1498
8833
2531
1282
9234
7053
6329
6046
1620
1762
7881
4902
7784
3290
6308
3050
617
5089
4181
8854
5185
484
1173
8569
4975
7895
4563
2613
9546
9253
8197
1736
9218
7264
3710
2559
5013
4351
1152
1119
7616
6499
7423
2044
1053
6159
7415
199
5002
8063
5852
1748
7141
1795
9148
3841
8416
3889
1285
654
600
3355
7782
6623
6673
2660
7452
777
3880
9904
4205
6616
9882
6874
1944
8219
8089
6495
1374
2373
8191
929
8189
4034
5909
5206
9384
3685
7206
3622
9807
9049
5618
6849
3729
401
5824
3135
3281
5801
9398
5650
6690
662
2778
1830
55
3452
141
668
9306
6319
6150
2889
5166
3226
9289
8303
6175
2979
6875
7227
6364
5298
9875
4729
3997
5822
6261
5772
7937
2987
4281
2388
7840
9407
4737
1024
3793
6410
9669
6419
9225
4807
7352
1371
4226
3544
6085
7818
896
6743
335
7339
3939
3604
9368
8367
2785
5611
4303
22
9664
897
3737
2329
2569
4277
5090
1219
1416
2050
5555
582
3680
6695
7270
4166
4726
3798
7726
1987
9445
2066
3180
8319
5481
8218
6088
8611
4714
2749
264
5691
1412
8751
7117
1373
9379
5749
4769
3096
5021
9871
8960
1500
6287
6759
9974
3874
9812
684
6186
4806
1753
7039
7100
5179
1646
1489
3227
4339
156
6192
7561
6736
8636
1255
8278
5541
14
5348
2619
299
2724
7970
60
3269
2411
2560
8709
1904
3325
6630
4055
8900
8246
9530
1061
3820
6524
8883
4175
1507
5623
2696
579
604
7675
2014
5387
4736
7280
6969
3905
2336
867
8768
9567
9677
8345
5508
3429
7068
2386
3222
7128
6475
1976
5494
3597
3212
328
8160
8169
4013
8739
630
1415
9749
432
8202
9051
4644
9810
1442
665
2514
8324
1126
7615
8825
8272
7962
4971
8897
852
7930
1548
2963
3951
5335
2165
7621
8201
6952
9364
6442
3195
3863
1796
9678
4264
5768
4872
8574
937
9103
4869
540
6098
1377
524
823
590
1275
4689
4092
81
8550
9149
3893
2389
9566
6663
3579
8308
1189
6084
6248
1589
2133
1481
3296
5389
3986
9078
1973
4069
3230
821
5817
6274
9908
8363
7669
2797
9256
2953
9644
1751
5526
4759
6054
4131
3796
1562
1149
6890
3506
9864
1127
8985
5401
6468
2823
9236
166
4815
3292
8752
8656
3612
8952
5042
7872
9972
5929
4717
1413
7513
5889
5630
6035
6173
9685
4377
3403
9192
3495
339
2161
5959
6699
2529
3619
4924
8551
1267
4654
6583
1798
8826
7654
6812
9145
5775
7060
402
5711
6647
4786
3813
8571
5966
3229
7767
2033
5349
1474
4341
1270
4601
4331
3306
5915
4164
5884
9923
4870
1671
5653
9599
9130
2344
7344
231
2160
5779
9194
297
5014
2631
6467
3817
4240
8193
5343
6909
3071
5903
5743
7845
3247
4117
7458
5069
5522
6528
3716
1040
2986
3613
1932
5726
9604
1269
9598
4448
3134
578
9896
1501
8598
2870
5147
5151
6
7865
8422
2365
1432
6607
8325
4354
4407
6761
1314
8787
154
269
7059
7179
1560
3904
9326
3526
7806
1626
8093
6613
6032
6352
8215
845
7706
1666
8599
4568
1359
2848
2950
344
8185
1106
5669
7841
4939
3303
5514
529
9004
3955
5060
6124
1804
3809
8696
6371
2398
9064
7465
8526
2438
6131
6402
8832
2340
3658
9983
6503
9039
2092
9943
1446
4942
7532
6075
6797
5761
3804
1260
1916
3898
3848
6205
9575
511
8633
2405
6408
6438
7137
8032
5834
5234
3231
1202
6978
9500
6771
1336
966
3326
846
8831
6474
2064
4687
1029
1477
9484
4456
9595
6851
4400
1940
608
7955
7494
6157
2744
8712
9285
2673
1546
4699
1662
7978
320
9184
1707
5566
8084
3382
6823
6608
2436
375
2318
2267
5672
454
6785
5258
1961
8919
5646
360
8081
8499
7549
8769
8076
1728
9074
8698
1311
8253
7671
4501
1949
6302
5922
4014
7793
4665
9405
7164
4922
8536
6887
7608
2522
6939
6290
7207
1936
2258
4024
9680
8010
3999
7734
6316
8049
5409
1447
3264
990
8898
9146
6767
5581
8295
9199
9070
743
6514
8244
1838
5087
626
7379
3767
9998
9271
372
1295
6385
1856
4434
9537
7732
2750
7893
3948
2245
4329
7629
888
3559
1872
3108
8447
9088
3706
1611
8556
385
3036
5023
5527
4888
7096
6573
5664
5371
5785
6774
291
9316
7622
8736
1743
5281
6678
4328
3287
4765
8582
5451
5666
7247
7801
6034
9474
1894
6669
3304
4441
1960
1038
6266
487
6190
3855
4519
8908
1113
8951
398
5784
3324
7655
6694
7487
9792
1263
2994
7064
9667
3065
9212
3398
6199
1880
1164
6368
3515
4683
5486
3016
9439
5809
609
858
399
8087
5035
6079
2795
9695
905
1073
4285
3929
2464
371
5197
8568
240
2096
4433
9571
4302
5329
2301
8267
1341
751
1256
3642
2503
9933
2208
8786
1146
8830
2175
9872
5633
9711
5910
6930
886
1328
8909
1772
7766
5663
2604
333
7941
8814
6201
7422
7424
252
5226
4904
6073
9019
9918
4520
5657
4805
3978
3233
7396
5062
6090
2807
3502
4080
9629
5169
8118
2663
4612
5642
9440
4191
9492
8217
6840
9444
1696
5076
9394
1032
3336
1688
2603
3926
280
9733
9734
7500
2042
9466
9665
1217
2472
1145
8672
5858
5519
8485
4789
6409
4438
3189
3675
3163
7308
2960
7464
8717
3530
6435
2642
6531
537
1494
3410
5786
8339
1166
3707
5810
1606
5968
8245
2112
557
4292
8905
1241
8911
5171
2057
5944
2372
9215
3944
6230
2481
8445
2787
3042
7177
4912
513
3176
4680
2414
8034
9423
7063
4508
7042
4241
8145
7066
3240
4261
7807
4592
4451
377
1448
8835
9997
3475
4428
3917
9670
4174
5757
8815
6832
8655
2894
2542
2302
932
5214
615
9889
6241
2764
9217
7286
4208
119
7838
8700
6423
8111
500
7209
9542
2714
1615
7120
3842
5859
4577
4091
4026
5330
815
8581
4771
6483
8684
7786
3872
4917
9969
3349
9766
4135
655
4449
6218
9513
3558
8969
3102
3873
323
4296
9027
724
3086
9237
6904
3849
1129
3246
5207
2070
3584
1910
1180
9426
4777
3993
7350
8950
7662
5678
9322
1445
1775
954
146
4000
9006
3554
8046
9396
4470
7911
5776
7122
2058
8816
1135
7867
1284
9536
7721
4286
8723
1109
9085
440
3001
9642
8466
8743
6624
9282
6023
8811
7390
7716
7598
2849
7394
1036
3070
4639
9581
3891
4404
8020
9776
5362
7863
2084
3375
1633
7544
2821
4324
5827
730
1019
618
7890
4532
8313
9879
7030
7225
9878
750
4700
4209
326
3711
5589
5984
1450
3232
4171
6264
1102
1581
865
7756
8180
8710
3399
4427
2772
5085
6853
1426
6674
1541
1459
7593
7357
5517
5373
1924
1322
2513
5923
2184
9627
4668
2489
5833
2016
4643
9473
8095
8781
4227
2718
85
5164
3224
9250
2419
4146
3887
7688
3738
9737
4067
2331
7217
3789
5230
9625
7439
5957
2304
3334
1614
9354
9608
9052
7703
1974
1859
2824
4300
7512
4825
7571
1158
46
6387
1878
806
6545
4260
2803
4063
1891
8406
7974
8912
3380
3032
3896
7605
2822
2114
4471
4931
2616
4676
4893
5733
7003
9790
1128
3443
6850
3802
1657
1996
9180
2968
9641
3543
1212
3674
4973
1051
101
8474
523
8929
3083
75
997
4271
1185
1462
3456
9557
9137
4033
7979
2300
462
1597
4371
1278
8680
9862
4661
6351
933
7342
8286
6946
8370
5851
1873
4429
1026
7212
3449
1225
5518
378
4819
9709
4363
9138
2259
4529
2511
9247
5009
2185
5030
9668
6558
7016
1900
7904
7240
1410
5251
2126
8430
3157
5178
5334
2215
967
4990
6781
9836
7089
5285
3586
1420
5482
3006
7719
8977
934
92
1246
6828
4742
1417
1514
2313
7747
27
4335
4050
9328
9496
9512
2415
4319
6320
8378
9556
1730
8645
8333
9483
8878
8584
2434
5385
8762
4165
2508
811
3648
1318
9822
4192
1531
2078
5202
4399
3919
251
6914
1726
9764
4712
629
8844
6833
8090
1231
9781
9455
6122
5275
5989
2636
6747
9449
3676
2692
558
8954
7610
4293
6872
6453
2475
7764
1773
5427
7091
4112
1805
6829
1454
2140
7625
5800
3003
312
5788
7664
9075
7810
8019
8077
798
289
2628
1933
7434
7371
1387
4813
661
9058
3093
9771
2840
6072
8544
5816
8689
904
2323
84
9090
762
9480
1086
6511
6588
464
6619
5675
8382
8211
3784
9252
5133
5170
7420
7004
4916
6005
3857
4216
1950
8738
2404
4017
492
6040
1099
4626
8552
9358
3428
6701
5470
3878
2541
6934
1215
9926
7269
6493
6179
6551
864
2345
4185
4506
4245
6405
3945
6870
2771
403
5857
5104
9526
6060
381
1718
3143
2677
984
9861
7136
1095
1843
6896
8124
2397
95
7580
4007
1380
7320
7754
8441
6807
7041
4066
4473
1196
5143
4410
915
1234
4905
1584
7884
6536
3527
9172
7176
9293
6366
6762
2814
7248
7976
5940
7636
5610
1055
2291
3937
6367
9400
1571
614
8205
6129
227
1199
7511
5933
4072
4389
7029
3829
784
8294
6723
270
741
4267
8204
2899
3214
4719
8528
4450
5015
2001
2763
1656
178
9458
6062
127
1111
4545
2353
3481
605
3616
4340
3169
1072
4580
1774
1342
7761
6374
4750
5299
3439
8534
6425
5396
1854
953
4539
3744
5162
7926
132
5704
5228
9573
2130
185
169
2811
7944
6535
4524
3310
3500
3683
263
376
2309
2266
6328
1103
1033
3601
9511
3705
9502
6004
6888
3724
159
2707
274
714
7901
9535
5416
393
4783
318
9227
11
3401
3257
6513
9084
4849
3160
9042
431
3054
4503
4879
5102
2163
2200
8654
8563
6256
2109
6047
2036
4258
1708
7870
2479
7228
7236
2416
2962
9756
3492
5505
7335
103
2910
228
6440
67
7467
8921
8916
8602
6330
7311
4167
6822
5668
8981
4213
759
2290
213
4534
5990
1400
5212
5652
2644
8505
7449
2972
4376
9791
6125
3396
4533
7986
6350
6982
6825
1367
7929
567
1028
7157
3994
3034
6919
6416
2855
592
7184
8503
8846
2618
7953
2242
3582
9710
5781
8750
5358
1829
4935
1621
6610
522
8142
8132
2768
8224
4349
2485
5778
4672
9676
3765
4288
9534
9060
7259
6539
8617
5024
8704
4564
8428
2031
4311
4356
9412
4401
7637
3565
7078
977
4709
505
2463
5088
2253
3618
506
7522
2350
2091
3062
5429
8423
3261
5006
7787
9817
5993
9809
2930
6394
5690
5283
2162
2216
5873
4707
5535
9962
1440
2588
957
4927
1870
3337
6396
1023
9716
3361
2622
6208
8011
6859
5187
3426
1409
7762
7957
8450
4698
2792
9978
6742
736
5587
9115
6540
8722
4658
8618
6376
5997
2426
5737
5111
6960
9551
1511
621
7966
4090
196
3356
2065
5337
4871
7528
1057
7129
7991
772
8188
1452
4622
828
8402
1783
5432
2439
9714
3714
9029
6915
9264
3923
849
9035
9023
5252
7107
7699
9912
1009
2857
348
5414
3876
1277
5796
1784
1836
7661
6281
389
4041
9144
4378
2382
3183
8817
471
2428
6627
6677
7291
4723
587
9349
502
4983
993
4980
6658
6397
8262
5203
359
6220
6114
5895
2561
8338
3044
1288
9272
1020
9025
3503
7481
2920
2702
34
2946
1827
756
1014
1641
9720
704
5304
4342
6581
7319
3540
9921
1233
4085
5208
9763
8236
250
9273
9460
8947
152
9436
6706
4114
7336
3529
410
8239
9893
3615
9380
9081
1271
6597
6106
9040
8113
2841
613
5388
5309
6310
6305
5413
3491
7775
6284
9963
9514
5917
3879
208
3717
4478
5243
5561
8729
2082
2030
7246
7310
3510
6194
5980
3119
6203
