10000
2664
555
6090
6609
6543
7298
1143
2414
8786
2604
7407
6729
1542
1594
5047
3167
3977
547
5102
3057
3772
3176
7129
1860
5439
3060
5659
5390
6279
3520
6407
8570
4083
3341
9959
7197
6992
1260
9117
2586
2261
2380
9599
1390
730
2448
3915
6783
2554
7390
5309
750
6280
654
1999
6244
6095
6132
1463
1324
896
7142
3525
8823
6927
9830
3867
2238
7337
8263
4470
6556
4443
3584
452
878
8052
3534
956
145
3291
7904
9270
9537
7204
3919
9287
6432
9343
6312
9758
5981
353
3344
1046
4781
5829
9408
6847
3745
2282
3802
475
1787
5946
2968
5608
1050
867
5917
7185
1487
1912
8894
9068
9874
8260
2374
8357
8525
7165
9089
3181
3716
1092
3897
1265
9939
6588
3211
469
8279
8196
8273
1882
2698
8075
5221
9926
1686
5534
2474
4797
9727
6932
4214
3439
7667
184
5036
4936
5576
3123
9201
1476
5386
1642
4282
1279
545
4248
8194
2718
634
1297
2634
491
3713
5729
113
2485
3962
277
9639
5543
2768
7748
4658
5323
715
6923
6660
3156
572
5066
2304
8493
422
3290
6676
9701
2454
1730
2297
9988
1616
3676
3818
6586
5389
4124
6940
563
8234
6959
741
3265
2684
2073
4181
9507
5682
8086
1527
7029
7960
6246
1601
2481
2402
9078
3820
9268
6697
3991
2287
3720
4482
1312
6689
4517
7048
7756
3564
799
790
3266
6181
3190
8981
124
4994
5856
2522
1375
4779
7524
9397
4040
5825
6974
3246
5855
8443
2257
963
4623
1931
9051
9765
1510
8024
3752
2038
9430
5441
7481
564
9092
8175
6720
5910
4514
4467
796
918
7473
6646
1259
697
720
1128
3625
8004
7433
3270
7516
2446
7310
4120
776
4018
6289
7561
8625
8283
875
5668
518
2863
3405
4418
6837
9338
5295
7191
7762
2754
9784
2695
8635
3791
2774
526
6968
9365
5942
3799
5665
7716
3522
5803
1125
3621
8543
894
1528
4804
3658
5468
1630
7342
4169
5561
6260
6089
7381
3918
1636
983
3215
4854
6890
2607
3776
2578
7887
5773
995
4156
3701
2389
599
5322
1857
3587
7521
8904
6102
2814
9254
2117
1227
4338
1075
7855
5593
2362
140
6513
8
7011
3864
7218
9699
3048
6028
2065
1096
3207
4219
4439
9090
9523
2914
8961
1121
2849
3898
8724
3605
8395
4395
9982
2861
3011
777
3293
3037
4299
2392
186
7379
5684
2765
8124
740
873
1757
9123
2020
3609
6743
5372
9762
6803
5115
4176
3733
1646
6991
1144
4755
3084
225
3345
3041
3261
4903
3988
6373
3295
3096
5817
419
4183
1991
6745
5499
7523
7177
7088
7490
690
3007
586
7809
1627
988
5294
7496
9576
5707
7231
1606
1928
3140
4424
802
533
6820
1968
1974
3900
9202
2064
6119
2904
3174
9474
7299
9903
8191
4821
9852
6531
9223
7037
7085
8042
2886
1311
9374
9440
8843
807
8437
3209
2145
7241
1669
6764
7690
3253
7016
8506
8139
2289
2137
5356
7429
4992
7642
2023
650
7111
712
8188
2190
8566
8997
6310
7208
2112
8158
9134
1813
6208
9120
9665
6122
7479
3892
2647
8210
577
1815
2766
3786
6291
3224
5089
9580
1667
9309
6808
3817
2749
4962
4659
598
5191
9529
9167
2922
3098
1750
9132
4109
3565
1650
5591
9732
9864
4337
5924
8094
8207
8622
8572
5284
4264
7259
6335
9568
2816
7721
8484
9498
214
8248
8054
7135
4523
9453
2002
5461
2095
8565
8151
1293
8687
6819
5061
4949
4371
5189
631
1976
72
8320
5579
8083
9793
1187
4987
5059
8242
458
1419
9705
4657
7688
8237
4922
2019
1093
7148
2760
5673
9785
9386
1710
9640
9391
3428
2983
1676
7639
2096
2269
7361
61
594
2583
4008
6473
4546
6487
380
7224
4957
6724
2514
4937
7823
5866
5272
4587
8391
919
8777
4122
6037
65
771
7556
60
7154
3285
9543
1149
1960
8117
3321
7104
6504
2758
4097
29
2991
3569
6144
7834
2588
4809
8392
582
1073
1938
182
31
2824
3222
5977
8144
3677
5404
1191
8968
7031
1822
6650
9443
9004
1559
2130
2186
8072
2898
2060
3666
5105
1264
4457
6791
1631
5163
672
436
7421
858
9102
6390
976
4590
5751
1687
3055
5828
8911
2807
443
7192
1079
1645
1429
8549
3631
2885
7539
781
7633
7008
8952
4010
5621
3982
6471
1532
81
8306
3233
3741
1171
5979
7341
4415
2876
1123
246
4504
8314
5547
4394
4824
5611
3617
9407
4373
1105
8511
3393
326
6822
6682
2880
8150
527
4866
4956
1975
7882
7295
5727
5904
7754
264
5422
9694
384
9426
5882
368
5031
2705
5702
6540
1454
4776
8164
6845
9353
6499
9735
9258
4291
9848
4322
2542
4806
280
8422
5331
3018
2008
1588
2009
5100
9478
3243
86
58
7510
9841
2640
6941
3632
3706
965
9556
1043
9357
304
780
3124
5079
2884
6395
6486
5508
4462
7527
9472
9021
2709
6599
1245
9149
6200
1900
8198
5887
8694
3099
9187
2769
733
4596
9752
479
4946
6572
4580
4617
3687
9465
9766
2993
5497
2856
5134
4686
8171
2342
5515
3420
4139
5502
6608
3074
8489
4434
1281
5448
9965
8992
7198
5782
9595
3843
8775
4618
8424
8856
7608
6087
1107
8533
6816
6388
1098
4019
2776
4417
3971
5925
1354
5995
5377
8836
9283
1964
608
6272
635
2281
9205
7827
8842
3367
7348
9399
2711
9531
8221
9121
9564
9855
6010
6184
3760
6450
1647
6480
1992
9722
7833
163
1308
6570
3861
8415
1608
8955
869
8089
3945
4367
8113
1166
651
9363
6691
2088
56
8878
3784
8471
8257
3065
2077
2497
9587
2892
9214
1635
8834
7629
5148
1002
3354
6760
9099
5903
966
2663
9730
1858
7170
3682
8071
2247
4382
2143
6595
6116
4606
2000
2622
7499
6212
5324
5345
766
337
4441
9455
6547
5875
3423
9226
8193
6428
5449
4672
3852
9834
4442
3979
9302
6376
8638
4408
7190
4473
2832
1698
6629
4783
6730
9288
8020
7595
5112
7813
3907
692
1818
1019
9704
1916
4426
7768
6489
7774
1965
1029
2476
6052
7374
7563
3913
6397
6080
7038
1508
6546
3699
8146
3376
7358
9164
9976
3440
3618
8126
3158
5130
7544
8927
2829
5215
709
3058
8074
4981
1958
2230
4253
1394
1683
7205
1237
3551
9895
9540
5248
7948
9881
5210
7404
6274
3069
7758
8389
4945
1921
532
7647
4021
2499
9467
9677
4954
5281
3917
8450
4785
1809
9060
6770
4651
7936
3427
6247
6136
621
9900
4964
6331
8376
9035
3469
2439
6202
923
8855
4613
7843
9181
4292
6217
5419
5166
1170
198
4840
6978
7480
7333
8918
7398
5396
8714
5867
4154
25
1578
8022
1590
2331
8727
4204
6186
1701
1841
3789
4016
7221
8183
9614
8666
9590
4507
1591
6522
5207
7760
8934
7729
6458
8540
8529
8275
6316
5645
236
6699
8909
5021
7145
3994
8841
4853
3612
9411
936
1731
8394
2976
8419
666
9963
4397
2101
8654
7938
4221
9361
3999
5165
5202
6462
819
3340
2202
7947
8067
3775
7459
2252
9429
1536
4594
689
9025
774
9219
3184
405
3514
925
3643
1881
716
1753
2943
2356
6869
8871
8232
3230
3963
289
8342
7845
1489
7009
4294
6900
5426
9791
6723
7866
4356
1174
2726
431
9111
6027
3813
1942
8845
4652
3363
7801
3645
3757
5108
9668
8658
1083
1097
7612
7006
6225
9548
7078
5225
2102
2324
9516
4977
345
9506
1061
9423
2106
5983
3829
9179
77
4303
5819
9862
7728
4070
8119
5290
3133
1417
88
8398
158
6059
7901
7889
2146
9049
99
2302
5818
5605
5509
2360
787
1290
3615
3856
1314
4378
6990
9039
9152
6535
6195
4437
544
913
7179
6617
7509
8745
4142
3906
698
9934
3805
6456
3314
7256
9028
3225
6070
9823
3148
175
8541
4938
625
7804
1617
7677
3927
9016
2426
2574
1035
9003
4234
9856
1163
3451
5741
8879
2437
2565
5041
1207
7870
7616
9703
3553
3368
1313
197
9958
9648
9296
5000
4261
2706
3718
8945
4335
3382
9112
7133
2234
9912
4654
5140
7428
2585
3346
7673
786
694
9740
3524
6156
4403
5695
2909
4351
5953
408
7077
1741
8216
2626
1481
4210
614
9717
1146
4713
760
6786
5734
2960
6298
516
6306
8548
5171
800
4208
2228
769
3781
9262
6950
8319
5003
6675
1500
6133
7096
5008
2344
7296
5810
6875
1095
1948
5391
8584
5730
403
4867
5142
6605
7875
4579
6576
9869
9032
7380
8709
789
7482
605
4173
293
382
5787
9954
4161
5172
2934
8412
9441
4796
2979
8817
871
8741
9215
62
9085
2683
5604
6036
8633
2750
3110
2383
9745
6996
6678
20
3764
5549
8812
7331
4102
9918
5667
7732
7265
5026
2767
346
8180
477
1612
5864
1807
1544
1817
3958
1820
6257
9805
7323
3245
7228
4458
6103
2716
360
9129
3471
8390
7285
6973
3562
6493
942
54
6896
4475
4995
5657
9844
9351
3199
8585
5156
4736
187
9800
9431
7399
6330
784
3828
1915
1215
9783
6405
4852
3106
5081
9038
8499
4321
1153
6958
7668
9140
2217
703
1897
6815
4386
4032
361
4801
8956
1238
4645
4717
1614
5858
2707
5704
2869
9645
8388
9598
1301
6401
1080
1792
5724
3273
6577
4919
8296
3242
8931
8229
4898
5610
6024
5363
1763
9998
2148
3949
1243
6328
4951
6824
8765
5980
3375
7911
6038
6180
5128
6029
6162
8209
6286
7043
6418
2192
8277
5893
6349
7862
9803
9508
1523
5939
2451
9502
6611
7253
1152
8770
7015
4391
2005
7470
5022
2737
2430
2039
3286
6370
9031
2315
6128
1936
5437
1776
9291
2955
9250
2970
9549
820
4486
2435
4022
1944
2551
1535
9601
2839
8494
185
616
3926
755
682
4012
4494
3672
5475
5623
1887
8850
8705
3307
6359
3318
6404
9434
9915
3642
8675
2003
5651
7988
1816
2
5795
9570
6072
7136
5629
1126
2325
1990
9023
155
4662
4376
2618
5220
398
8082
1412
9053
8696
9644
6538
2284
7614
4676
378
3025
3639
7679
390
2273
5481
5373
9607
7859
7300
4239
9064
9943
927
8537
7940
2151
9352
2250
9180
8826
9452
1352
1444
4090
3137
8152
4023
1654
2694
3616
1681
3883
7023
2266
5972
8928
1674
8329
8025
2860
1172
5527
8486
1226
8132
2844
3708
2811
7664
9733
7931
9801
8728
8290
520
2431
944
8791
2144
1754
7201
5375
9532
2339
1485
9405
4969
455
9655
8874
1031
1797
5974
2158
7150
6711
2467
4826
5733
2569
5110
7041
6386
6433
3435
5745
3152
8365
3355
1700
1122
3602
9082
3228
7349
7411
35
6780
6140
407
3067
33
9686
1217
1168
7315
7785
3559
9511
2498
199
84
9236
5053
7196
1231
868
5641
7468
449
9350
7408
2506
2214
5997
1499
9433
5393
8612
7685
744
4224
7010
2616
5097
6606
2459
1058
2358
8828
6977
9492
9832
7886
3161
1714
7574
7024
2608
6705
4880
8154
6461
9966
247
1014
5911
5487
9141
6065
888
4118
513
2576
674
3812
3263
2496
4793
7246
273
6952
1484
3436
9796
4802
9427
9439
1398
6317
9981
8410
4817
3052
2871
7714
7648
1556
938
5648
7670
2783
9887
664
6823
1509
6078
9666
4085
7446
6772
262
9277
5944
2381
5409
5297
8632
2048
171
3848
7709
7119
8898
3365
3035
9414
8634
7098
7465
3380
5494
1109
9883
5533
9782
286
9512
589
5929
120
2527
4749
1826
7141
8609
3095
3997
1752
2793
6226
9239
3552
9658
8218
7697
2751
2834
977
4839
2972
316
2347
8806
824
5313
150
3111
7271
798
3186
8986
7587
6539
5477
2927
8884
4615
4127
9326
5877
5715
2129
1995
759
4257
325
5932
7778
1220
7531
1383
8262
5070
8245
4079
1108
2948
8123
5916
2786
4564
4661
4392
3336
3572
7568
5716
9485
9846
1947
4372
1895
5614
2791
8385
6553
1877
6797
9920
3249
4738
6506
2490
4541
7033
2066
5310
3054
9682
6844
9850
2699
2828
8615
3719
4298
2012
6768
2295
5578
6214
8995
2923
8510
647
3875
1420
6558
2973
5521
9340
9329
6666
139
3119
1368
5551
4311
1048
7362
9610
6947
4859
4302
119
8009
4581
8886
9182
7657
2721
5195
4670
8788
7560
3492
2187
9626
7831
3247
1764
1397
7548
4836
9650
4162
1041
8455
3647
6569
2329
2215
8545
73
2223
1195
6288
3105
5360
8586
4876
9709
6787
5832
652
2619
7384
1708
5888
6082
1533
8396
985
8310
7100
1522
8521
8983
7066
2501
6530
6048
2246
3449
3657
3951
1384
9792
7952
882
4971
8205
4406
4835
6231
2141
3561
2173
8559
7800
7921
6965
4688
2290
3887
1101
4410
244
8008
2545
9358
4692
3493
1000
6870
6154
1831
1788
7701
6704
1914
6982
4985
3189
6776
2656
7604
1385
4792
9459
531
4829
3434
9710
5620
2427
5530
3685
4313
421
4600
2945
6582
3738
4153
2606
1175
7426
8531
9578
5129
838
2429
8923
2660
3539
5744
1173
8846
1784
1810
4851
2739
5842
1025
1775
6267
1690
9875
1525
1811
18
125
71
7242
872
7146
269
2107
7144
4920
6177
1626
3866
1768
9661
1863
1070
3763
1918
5624
3585
8192
240
4078
7994
7229
6221
8985
1430
5241
4856
3619
3083
1016
7462
1008
7825
649
5150
5901
941
4770
1662
3655
3697
4886
2952
3770
5168
39
3415
5001
7065
4166
9980
3319
7599
8756
1599
8731
6545
618
8568
1552
5403
8457
8853
6323
2270
4895
5289
6392
330
416
4412
4401
8963
3288
4632
6019
7543
9369
5278
8642
8204
4463
8095
5050
7958
2240
8604
481
1275
3506
8444
827
7376
376
3196
8268
959
8873
4764
7525
974
1699
835
1886
3334
8453
8227
792
8244
1003
9165
6332
473
5634
8270
2348
4080
5330
4067
653
8951
8289
5218
8866
2611
7173
8620
8386
8272
3947
4046
1946
5834
4694
8167
9597
430
2469
1278
123
3662
258
1814
483
4172
5993
9355
4348
2140
530
722
4002
7848
8544
259
3125
6293
6256
7520
3673
6565
9560
5857
4828
3859
696
2962
1932
7934
7339
6488
4626
6521
5366
6734
7976
5831
5080
2733
4631
687
1585
4709
4891
5627
1369
9376
2125
4389
2183
3937
3056
1443
5006
1675
6887
5847
4741
3227
414
4699
502
583
2419
9767
6945
377
2910
1549
3902
5498
9575
7839
2264
3366
8160
818
278
4545
2280
6250
5889
205
7176
3635
1920
1028
1414
8436
6216
5265
8165
3868
7234
6855
7941
4505
5018
9168
821
804
3231
2517
1330
4650
6475
1622
2842
3418
9721
8721
6975
6173
4255
770
6838
8840
1456
4758
8991
2168
5934
1597
4885
6464
4576
5123
8808
9602
2010
9107
3873
990
23
1357
7114
9073
8946
3628
4955
1774
8784
9662
9962
4493
5728
3905
8445
2050
2371
7451
352
6622
5430
7005
5183
680
6108
5039
5813
3670
401
1801
2581
9679
2533
1329
973
4366
1119
1971
5762
6798
4047
7301
6375
1782
4602
636
2209
8060
980
3736
7927
7784
254
367
1983
4777
2087
813
2838
3746
6916
9860
4155
7278
8129
8305
5111
6518
8905
961
2016
5209
4950
4907
8307
8677
7447
523
6928
8967
7355
6206
6512
8913
6339
6105
3042
9938
220
5258
128
4980
8519
6957
2612
9333
1988
4733
1261
2201
5581
707
2670
3860
5805
2416
8038
6406
28
4278
366
2708
6926
5415
4693
6183
3046
6265
5370
6587
3315
6961
9225
2135
5895
5654
4873
4066
4525
6045
1131
9517
5440
713
4464
876
6115
9646
8079
6199
1680
2075
7672
2552
4132
2001
3094
8442
588
9177
7835
1518
4556
6348
4053
8186
7903
2713
8107
9609
2221
4126
8007
3445
9561
7317
6341
6269
3646
4595
5647
8316
2150
901
9789
4013
9234
511
363
7268
2710
9200
5670
548
2453
2930
2762
9321
85
1793
3933
6718
5906
2599
5355
317
5016
7214
287
7651
5201
4388
3712
7138
9213
5640
3834
3957
688
5532
8298
3992
658
9674
2239
215
296
6402
3797
2908
1250
6696
5978
4598
7776
8656
4639
7617
324
8875
7290
2428
1071
112
8066
1337
5590
993
8153
2642
9669
3684
2974
4695
6515
6761
1950
1821
6707
4484
1922
1129
7787
6846
3028
3180
6077
6141
6801
6598
4131
9063
5884
5976
8120
4186
8539
8722
6336
1021
1541
6616
656
6430
3855
4848
1564
3537
7794
7906
7002
2116
8558
2318
2874
6026
2277
9734
1378
74
7641
1157
1567
3147
5967
1929
2114
7019
8166
3327
1154
3085
6358
4860
2954
3276
6799
276
7458
7161
7671
1720
8335
5562
5042
7857
2056
8987
3966
8710
8115
1425
9191
2182
7872
6385
8653
7401
9036
4314
7424
9555
1117
492
2152
3509
7869
8749
8362
1924
8466
2408
3399
6490
224
5347
889
2632
7853
1677
2804
2307
4405
665
8769
3694
725
3717
9904
5518
4202
5044
4857
5643
1203
6271
890
4569
2352
613
5947
762
9008
4813
3490
6046
782
9829
7257
970
6159
4570
3675
5714
8837
1452
6178
2457
5849
93
3402
8698
8887
6659
5919
2412
3034
4076
1625
2494
7393
8507
3100
5837
344
2658
9409
3188
8649
3890
3761
9211
2587
8239
5348
5062
4231
6758
7409
9907
2524
6296
2229
2390
8598
6137
6355
8988
8483
6843
8106
5913
1477
8317
8211
3560
5588
8478
8999
1913
3267
675
6985
684
4621
9769
8061
7847
2294
1206
1327
8591
9402
3392
4399
8715
9683
9922
2397
3889
7493
3205
8069
7918
1862
5808
5488
9299
9157
8504
8084
7981
9308
4746
8240
794
4622
9163
5957
1325
6669
1431
4742
7178
402
8882
5909
6420
5106
272
8467
1288
1358
5270
1765
9446
3893
5649
6626
9019
6571
4822
4163
406
7986
7630
4892
5058
9000
1903
7654
5034
2336
849
6149
4062
9695
5742
435
3502
1284
9533
7766
9979
4091
4398
1967
8417
3674
1973
1411
1235
9637
4028
3858
6157
7444
4660
6049
3002
4644
7159
848
5458
2742
4245
617
7107
2015
2971
7547
9464
370
7799
4051
1438
8957
1592
6674
9146
6993
4583
6
7744
1124
7026
4790
2370
5188
6073
5334
7615
1512
425
4448
1204
3816
2233
9551
2523
5045
9170
3656
2393
3027
6936
2865
3563
5743
1039
1450
6201
7305
996
7046
4339
7588
9384
9670
3501
6021
3970
328
1295
9675
8343
2857
9539
9798
8231
3090
6603
3413
979
5185
2617
3637
3073
271
4553
7045
7166
8456
5797
9889
339
4177
6584
7505
6862
7227
3289
9691
5496
6971
1733
8628
562
4849
7913
4026
9192
4844
5004
1435
1906
4260
1804
2959
7609
8681
3332
9819
2052
7851
911
1118
1475
4238
7816
5423
5175
4478
9119
451
4316
1639
7436
2789
9711
2377
6841
6635
9184
1672
745
3847
8085
9066
4766
8432
6561
4144
1668
1257
1360
7537
9676
6422
6050
6644
5548
9286
3213
5966
8664
9235
1377
6713
6172
7152
4011
9495
2296
5776
9118
7660
9882
1899
3830
729
5990
1280
706
4620
7105
5555
8573
9718
4244
8070
8149
4698
4025
2418
7819
567
2255
9503
6826
2170
7503
3533
3748
5783
2558
83
9264
6107
5931
1434
3614
2573
5480
4628
1084
5820
2855
3091
1893
9122
1347
9300
8864
3236
6191
1285
7450
7683
5827
4286
9973
46
2299
6372
6040
4608
9371
7274
607
9563
7254
7316
683
5796
2773
5596
5157
3536
3940
3396
8145
9557
2891
103
862
6681
415
9103
570
4972
2154
9993
7425
6435
2502
9322
2316
4438
8435
5868
141
524
7861
5116
4334
7035
4528
8420
9654
9419
9390
3881
5071
8047
3232
542
6459
7623
3059
7416
2385
604
4918
3425
241
6526
7567
1885
6725
5040
166
8569
9894
8690
4445
510
4759
2688
8552
580
9306
2605
550
82
8460
7621
8706
4549
6636
7079
7280
5836
8851
2006
1009
42
8487
881
4143
9781
6507
248
2862
8818
2103
3819
7607
4735
685
9554
1799
9518
9328
1218
1755
5839
7783
8902
5814
6030
1845
465
1067
3600
1607
4825
306
4119
7074
8219
2957
5178
1833
5896
2191
45
6445
6236
1767
4729
9514
9307
6818
4059
6229
5433
5413
931
1192
8659
9108
1032
6994
4584
8481
5010
6769
9251
4280
8936
2079
8322
803
1244
5833
3019
3888
8949
3258
7325
1534
7363
9574
4063
9510
157
6924
3954
1641
7210
6749
5139
1201
9914
817
6805
7327
9779
387
3627
9859
2633
4823
603
641
2123
152
5625
4350
4767
9144
6197
6842
9341
8053
3013
340
3309
2589
4237
5266
9241
2074
2628
2525
8425
117
474
2778
1310
1240
4429
2562
6976
9224
6262
3017
5469
2780
6642
8133
6210
4585
2155
7200
558
9961
7991
4712
4910
571
6081
7533
8057
1628
6983
3038
1746
6516
336
2164
638
3771
4562
5553
8328
21
162
6757
4251
7583
5690
8744
8516
9600
6066
1839
4831
7873
9967
9685
7
3361
9770
758
275
5046
3404
8438
7959
9458
8790
967
8177
1321
7051
7194
1891
1772
3595
1159
5685
9406
3811
5015
6297
2703
323
2354
3939
5418
2700
2470
5971
9323
4593
610
8771
9513
8883
5513
8373
8352
5402
6110
8776
2363
4027
5826
1361
4099
3580
7836
4149
3912
3107
299
1268
678
8201
4747
3545
7097
3381
4048
1728
2936
7017
728
1557
4355
6389
9876
6706
1880
3604
9255
791
2456
260
173
8590
2425
1328
4235
1751
2176
9562
775
6165
856
2237
4117
3173
5438
8006
6498
2942
484
8464
2845
2030
7852
6759
9488
4481
1954
219
9933
8860
7570
8651
9870
1520
4899
1194
7808
8990
2989
6876
4174
7645
6086
895
2097
2149
1382
4800
8975
8759
202
6410
7276
671
6583
6962
9248
4305
9684
2410
5626
8954
1970
6802
3579
4197
3348
1045
3472
3749
9526
1717
4563
4511
3624
6508
5362
8256
8562
8266
3339
1879
12
939
2992
5293
1711
9501
1838
8682
9116
508
1232
2090
5791
6812
5816
2156
884
3252
8748
6400
2859
5688
7782
2894
4160
8118
5353
2779
8091
1923
7252
7698
9233
8469
1911
1309
6249
7905
3414
1461
9451
8080
1619
1334
7151
4141
4454
7273
4538
8108
2671
3149
9076
8644
6741
3163
8377
7167
9774
1855
6135
8673
7012
7463
2755
1033
8760
8718
5938
2900
8700
183
2043
565
7153
877
5915
8369
3516
4409
4680
6460
5460
9790
6352
204
9178
4057
239
2534
1004
7143
2950
7432
1437
8571
1943
3072
8575
7417
9346
8338
2105
4550
1870
7230
6005
8255
7328
7321
9113
2017
2076
9067
7207
3478
9955
3476
4254
4943
5569
6833
4947
1884
3160
8031
7441
7841
4332
7798
8449
6311
1861
8534
6653
5848
8669
6984
7971
8971
2179
4098
3952
3653
8477
3063
2139
4536
630
5242
2967
9412
9583
1670
464
4050
891
7260
7492
7042
9289
5616
2853
4199
6393
4111
4365
4404
9582
6809
9101
8640
4320
8515
9420
8327
63
100
969
3076
6447
7286
3277
7369
43
1796
5351
3538
4459
5296
3328
341
8932
6668
7828
9814
2040
9579
8773
655
1901
2655
4678
3424
9879
3630
3732
7795
210
1292
3894
250
6353
4495
9500
7557
1013
6612
4385
4318
2641
3075
7506
1185
9897
6621
5133
7454
1136
9153
8439
8382
3185
6413
3187
7949
1222
9861
5984
55
4488
8349
6714
6091
1018
6721
218
763
924
3474
3903
7849
6738
5633
1302
4249
8501
4808
5224
9567
7817
195
5119
5002
2689
6258
6063
3589
3611
4038
5476
8409
536
1872
9647
59
3226
7571
1087
5282
4535
7965
3419
3080
9804
4236
2463
9751
4604
412
9450
7805
2872
9849
3827
4863
3459
5452
8608
6056
4960
7596
8033
2067
3960
2833
5407
3857
8253
3464
78
5838
8233
6130
1433
3929
4498
7000
6278
7761
4894
2068
2535
2063
6607
9853
9114
134
7391
6931
3910
2311
7497
1846
6053
3669
6315
1868
9742
1934
9642
8284
4170
3394
595
4655
283
6443
3842
1156
9083
7209
6747
4065
9156
624
1769
3899
7106
4014
6789
3930
4103
4182
1137
9293
1663
9097
3457
971
7267
6218
4916
2128
2313
9871
4771
3987
3397
9403
7713
805
7158
447
6009
3779
7811
8738
4490
4352
3223
2873
1852
24
1894
7844
9945
7453
7987
4991
6055
7174
879
1040
7169
8679
826
5098
8463
2981
8630
3935
9188
1691
9305
525
9720
9519
686
7893
3681
4548
9847
7674
8488
6034
8766
5539
6440
4883
773
859
4721
8441
3541
5276
4675
814
96
8524
753
9445
5779
4034
2550
2460
3959
4308
7050
7226
3005
928
8757
2896
8308
1379
3550
4708
9712
8734
3164
2985
4315
8907
3629
7880
6002
7402
2033
7549
1178
8922
9295
5137
2346
6079
8920
8929
4521
1474
2995
2216
6215
6148
723
7722
8551
5585
7917
5754
4357
7007
3306
1181
4656
3179
1081
4297
1254
5005
9086
3774
4843
900
7132
4283
3822
9468
8159
4330
3317
6835
4363
1783
1986
6350
6416
6391
417
311
2044
8668
1808
3308
5068
9552
9714
6069
4929
9921
5073
5711
6479
8735
6597
4056
8958
5677
4697
9312
3825
8036
8497
4614
9413
5568
5411
8671
576
4369
6766
2625
148
6839
9292
267
5450
8065
4450
7922
6793
5571
5563
1981
1063
9843
2590
2745
8217
6492
9228
7939
7759
4780
1961
5158
170
5055
1355
4775
4963
9496
79
5850
9527
5664
6509
5886
3794
1462
2508
3968
1056
3
8364
9044
7929
1878
7326
1664
3705
2965
5699
5597
5718
3272
3162
543
3895
6503
6203
5750
6153
5177
6918
7311
9356
3782
357
9314
9505
2794
9890
4082
9813
9435
8877
5809
1212
4055
4554
2034
6099
9724
4794
7712
5136
7871
5038
1286
6220
7961
1422
6813
9942
229
4940
8535
2911
6658
7562
4171
5559
2127
1827
8795
4543
5550
1376
8500
6431
8861
5388
9176
6362
5920
7270
5049
1951
4150
7039
4901
5504
6830
9923
1026
3360
8258
9245
4973
388
2802
2086
2797
5851
9106
6937
8331
172
5328
4760
8222
7164
1387
5434
3389
9521
4865
4998
2649
5769
4878
2351
7640
8880
5280
4958
8858
5603
5565
1246
8701
1503
7487
6633
1471
7055
8713
8618
4088
2091
3359
4603
6871
717
2083
8816
9461
8947
7996
318
9524
9629
1941
7597
5420
327
3869
192
5793
4565
4312
3964
2841
6686
1271
1620
5617
5354
3650
8246
4005
9815
6092
623
4341
999
8028
4383
1072
5740
957
5781
2977
3142
7396
6015
7928
8104
7435
8012
4349
7603
3329
7052
1679
9494
4479
2864
3750
4307
6361
1242
7864
9281
5709
8105
751
2693
2935
9087
3594
2559
34
2251
8652
1963
6610
9892
9603
75
5644
6146
2372
4805
9924
9660
2541
3466
2323
3323
6753
8350
3527
5674
8692
6807
358
295
3102
5961
4931
6903
6632
4247
291
8754
9534
2770
5052
9729
8076
6126
8039
7313
596
3790
7239
446
3654
5698
6763
4147
4526
7731
3854
9169
3759
2918
4664
7430
5335
146
1424
9715
7806
8606
1492
396
904
3664
9290
232
2646
5321
4557
2364
7807
7601
2697
5784
8699
397
8527
5327
4036
5495
4930
2479
8046
5852
1371
5414
6578
3395
6123
1263
17
643
7072
7028
3862
2054
3515
3229
3730
5371
9084
9447
48
5146
1134
3462
9471
7581
5299
503
6956
3448
7534
1953
4616
3268
7022
3132
4192
676
815
7365
5237
133
9649
3948
3417
2722
4756
413
3391
5219
4422
7576
5424
4094
5428
2915
601
2256
4633
1529
2357
233
1519
1486
1459
5536
3134
4106
1189
3310
1448
3455
7700
5770
2987
4719
1603
9522
5217
1892
3606
2639
4361
5095
1453
9817
7356
4081
1482
9020
8251
4167
6491
1649
3015
9379
8267
2345
7057
2594
2438
5152
4216
7312
3885
6041
1332
138
2108
2516
8502
6624
3145
8747
7598
4241
4128
991
8621
7156
1319
253
9237
1132
9238
9811
1629
1516
5262
5275
4812
2175
7512
9395
1993
5251
9911
8557
9034
9006
6235
8454
4887
1274
5566
8607
1304
861
255
8490
9061
9259
5030
6989
1344
8408
4017
3850
1370
2654
2746
8623
880
7540
2800
5554
587
992
1386
5453
5014
1726
9033
639
8027
298
4537
9786
6151
6860
5822
4665
7472
7550
8627
5254
8092
3879
909
6438
5167
7743
5584
9260
1047
9424
8522
3744
691
5155
2744
2207
8462
3151
6684
5785
874
7372
1077
7532
6120
7997
7443
1054
855
3458
6623
2471
310
2391
7868
738
1289
2475
5113
1341
6942
1023
619
5233
5343
8764
98
1781
5959
1596
8312
7304
6051
5245
9617
8870
4609
2121
9331
7878
373
249
1621
1011
951
4832
147
8513
3014
6453
2803
4560
9497
4653
4306
8407
6525
1184
1740
6520
4020
161
5398
3976
2848
7626
4630
1427
5843
9401
920
5149
7439
7188
2259
7665
7582
167
5970
9475
2905
1812
2288
7061
6125
8888
7745
6701
8406
181
8610
1306
6771
9005
3849
3257
8081
6476
2059
9058
2591
2147
5696
7900
8645
7519
7837
1844
9621
2717
8249
3349
693
5181
4489
6322
8026
1076
9186
3836
3104
4716
5236
7125
6411
7724
3978
8293
9319
3262
4989
9096
3150
1343
3194
7874
9162
3985
1078
1338
4731
1458
6439
2452
9339
5292
9360
968
9760
3444
4959
7666
7573
1416
7611
705
6057
6967
5090
6313
5043
2672
8758
2042
5726
3087
3507
2166
2477
843
551
8707
9489
9378
6849
6851
5033
5482
7750
3421
2340
8286
389
997
2442
8353
6866
1396
7735
6911
9509
8228
1006
1024
5669
2260
5653
7130
886
4934
2556
466
2720
8358
6371
1945
3121
1737
8663
522
7943
1051
5464
7162
9984
6253
4129
7213
1020
7710
735
8068
841
6113
4782
7580
1605
1806
6124
6213
9788
6517
9155
8259
2262
5096
3079
8996
8830
718
7400
8359
4685
7999
7826
6384
6251
9272
2355
4323
3461
3826
6575
8547
9525
6304
6567
4591
7149
538
7434
4265
6672
9133
7090
266
7628
9327
6434
2719
6888
1225
3141
4272
1494
4116
2488
3928
3835
9619
499
1548
1889
4006
6788
5117
4871
6168
5987
860
7877
331
3036
4745
3924
2620
6025
1718
962
5051
8848
8588
1082
853
3557
8891
5187
2818
4271
5705
914
191
1832
9812
7508
463
3613
4906
7219
667
5999
2729
6062
2715
6022
3686
6273
2636
1570
2887
434
4146
8130
8323
355
6016
2665
4807
6889
7351
9636
6687
5037
2309
9047
2027
8411
8702
3521
9198
2226
3003
6023
5315
626
3528
1030
6735
2893
590
4205
8299
4042
1457
1348
7308
8090
9344
4897
906
8114
5708
8142
1190
3200
4690
6134
5722
2213
2835
5712
9755
2674
8313
7912
7962
9183
6986
5249
7255
4814
7087
3837
8844
9840
7092
108
444
6501
5077
9902
4976
2265
7932
3386
1115
4900
7281
3923
129
8121
9007
9708
9487
6638
5512
8912
644
8212
9143
5761
3202
2405
3722
1160
6628
5326
4778
8639
809
441
3165
2520
8924
5806
1604
9828
4295
6319
9827
7171
8792
2276
1200
8337
7983
1871
7829
4324
7899
2018
6032
2180
4629
9040
6948
8854
4784
1017
8015
2897
3280
6901
7636
6857
9741
743
3853
5767
3312
5557
5169
9651
3284
1247
7350
7969
6084
5176
2400
7115
7908
9267
4558
7186
68
4092
5905
9664
8689
1910
3798
9858
1546
3477
2244
5173
749
7950
7155
7336
9608
7001
3191
1408
934
8458
1795
3201
5612
1778
8611
7004
3023
8801
6555
2734
8730
8378
3932
6414
3731
8416
131
2603
6042
6342
8174
812
5306
3498
1066
6651
9571
6784
1560
5936
9802
3487
8485
2629
4502
7089
3768
5444
3116
2763
640
3640
1403
7998
2621
6003
1495
1059
6007
1349
7292
3921
8102
5950
5279
4707
3221
6345
1150
1318
5455
1511
6379
9196
4084
1104
7779
2831
2823
2951
7770
9693
5963
4293
7175
4687
5815
5206
3112
4924
6374
1277
778
2593
8885
7237
2609
6259
3693
2267
2113
6127
9756
1270
4506
3571
5442
8088
3702
3846
9625
284
4787
7528
6138
1847
4905
2084
3634
6368
9367
9473
2903
4611
529
6939
1866
1102
6058
8473
2657
9347
3000
2014
3259
8176
2118
8670
3599
2205
153
3824
2071
7676
9643
5235
333
9618
2220
4187
2253
7044
3294
8503
579
4531
6482
2547
9810
126
3714
3300
427
9261
1587
2680
15
7392
8512
7606
5507
2781
7649
2624
3384
375
8354
2958
6999
4287
1359
7529
7680
4029
1935
4266
1579
7395
3241
5141
9483
3667
4269
3126
2843
9342
1890
8641
8827
2771
1854
7972
2258
8708
4888
1770
5747
5638
6354
371
7820
6909
2878
8688
9851
8097
7457
5883
2732
6060
3698
429
6879
4635
7013
6634
9627
132
5406
2725
8474
9797
1161
3777
1575
7352
8005
8341
1762
2131
7646
3530
3793
6190
2441
5697
660
6001
842
3129
76
6429
7117
448
9925
5056
2513
5794
5174
5846
8482
3326
5120
4185
1167
5506
539
5447
4501
7076
6654
4643
3103
6325
1211
4726
490
409
3006
1470
9093
9194
1665
320
4948
8451
2314
7970
472
9298
9559
9438
5401
5257
8179
3456
7137
1180
569
8010
9839
1566
2444
7093
7638
8414
4816
6167
3638
2157
5753
4513
8937
7440
282
8250
8468
4815
1569
9204
2937
4979
2480
4476
1789
9896
3943
6560
1987
5661
5927
1421
7572
3512
1966
8475
456
7058
5144
768
2136
645
5179
1939
263
1409
2122
3008
4669
575
5902
9877
3463
1064
5303
9948
1513
1517
1550
6645
8280
10000
2434
2997
6161
4627
4791
1584
4133
1269
459
8811
7370
8647
245
365
7909
4431
7620
898
5400
6955
2159
8332
3136
6960
6150
2361
1898
3709
3975
494
4705
2696
9043
8970
6814
5300
2600
6746
4393
5541
8030
8315
3282
5491
8311
8492
5501
9131
9931
111
5607
1685
6695
6187
1998
4113
5238
6765
829
4753
915
8023
1249
6528
3690
453
5540
7985
1145
493
2692
9616
234
2555
7476
2291
7501
3884
9417
8542
5408
2026
6762
1342
281
5652
5087
8405
7652
2424
1800
1229
8704
8926
591
6106
3725
3497
9885
2560
4588
972
1233
7530
9425
4786
9317
7793
1234
1582
6243
2163
816
2821
1351
4285
5575
9550
4137
3973
8767
3729
9586
6874
8461
7723
9528
6446
7163
4449
122
2557
4165
9713
3287
4331
7216
7771
9294
556
3146
6254
418
2764
3468
6334
6510
7330
668
5147
5899
761
5969
1451
6810
7589
6360
4522
9217
836
9927
4374
3066
7314
3504
9284
8423
8742
9247
1835
8787
9345
4009
2268
5250
7282
568
3566
3942
6790
1595
8109
3169
7233
7322
7822
1391
5267
8592
5898
5897
2808
7385
7083
470
2292
4889
4634
6283
362
7764
5721
3874
9778
937
4058
5072
6017
8223
6700
6630
5085
9368
1836
3950
6189
6882
8717
8491
6883
5845
5609
3303
338
8181
6657
1615
5756
893
9010
7116
2561
4589
5672
1994
4932
349
400
4754
4270
7360
2902
5840
4648
6205
1744
5799
9055
4533
2327
8637
9768
391
8940
9220
6044
7245
8603
8156
7696
5821
7060
2093
952
8238
372
6777
1758
5093
3269
9772
4072
1413
6437
6581
6988
2384
4625
6318
1721
9725
2271
6514
7103
6601
6559
1949
1496
6944
437
2644
8948
5012
4986
4529
9279
7789
9630
9456
4967
6751
9581
4226
3279
8900
7613
7741
3412
2738
9953
8832
3447
9432
2679
2092
8013
6233
581
4774
907
4996
4914
2917
5076
9147
4230
2169
994
747
6921
3108
9974
764
6850
6987
4877
309
4327
5752
1333
585
5930
2184
4252
5757
3206
4999
114
1315
1824
4423
5151
5101
8058
6170
9657
1214
863
5122
9301
5164
2548
7307
2167
5336
7720
7329
169
507
9987
5192
8225
3500
1466
8695
6398
8778
3352
2021
1959
7202
2210
5642
5344
4267
7592
6792
2538
190
7515
9273
2099
5473
5436
2651
410
8148
356
4164
5908
6466
1428
1183
8348
7542
4105
5749
1410
3374
4720
404
4487
4499
9771
1684
1623
7353
2686
7054
5878
8803
6593
8560
5940
4460
8459
8526
9835
8942
5835
8593
7977
2787
3216
9780
1179
5230
2946
7269
6263
6756
8683
3077
38
9950
4274
66
646
6867
7830
7127
2630
7898
6176
201
7489
228
8387
2303
265
2748
9024
1036
3370
1164
4086
7659
5114
7262
9652
1996
8582
5683
8269
8807
6877
4343
632
5227
5900
2584
1407
3623
3778
2964
3446
1760
5361
8077
8725
9816
4112
6013
5732
3109
2208
950
8762
6004
3453
8998
2133
3981
6643
2338
5780
7644
9956
9324
2704
8508
4619
8876
7504
9909
6664
4436
2341
5246
9901
3012
9596
7706
2759
9837
9244
6951
482
9605
4198
308
940
7885
2682
9115
9825
1001
6625
7382
6131
5879
4223
392
5283
8703
989
3840
9275
5057
960
806
9160
4191
5384
4671
6915
32
7545
7566
6300
9172
174
6035
137
7535
3671
7419
3739
9932
2057
1707
8523
9739
4345
1151
2540
948
1982
4362
9396
8278
428
628
602
5367
2388
5118
9410
6703
3122
5631
302
7266
3773
3353
9941
3588
2489
4465
4068
1426
4212
6679
5368
8761
4663
6174
8733
3758
710
2851
1497
2415
7284
5861
5564
4225
1957
1865
8962
8208
4420
3659
386
4411
2119
5666
5412
6158
6426
8355
4427
1062
1780
3127
4201
828
7112
2668
5092
2051
7564
1618
8372
4592
9754
6919
9042
450
442
4881
1052
6878
8810
300
1298
7602
8402
5595
9208
4704
3556
4123
5063
1012
1445
8796
7193
2980
1228
1545
2929
8674
9944
1709
4927
294
8917
8403
546
5429
3302
4071
3967
1673
208
7293
9074
5964
2518
165
7014
6663
8740
2049
4377
7183
3217
8381
2998
795
4054
6604
8686
3197
1336
7552
5228
3644
9462
8143
1693
8655
2465
4446
3641
8824
922
4874
8555
4961
3154
3607
3325
3622
7217
6224
8798
5531
3995
9373
8371
6182
8564
3728
7984
4810
5127
2883
4104
5271
3916
4993
2312
7258
5383
6320
160
2881
9623
4636
4547
5719
7346
4674
1468
6356
8626
1521
7600
7244
4748
4203
6118
1972
4966
2193
5824
6505
3908
1169
1555
9013
5639
7240
1446
3598
4544
1103
1531
4196
8361
7605
2138
457
5723
5600
9174
5478
9253
2029
6680
9079
5154
3503
2055
9482
6047
7554
2272
64
8743
7047
5760
7283
2549
574
8693
8220
3620
5443
6403
159
5510
5457
1851
3251
7781
2395
6314
2172
1842
6541
4811
3465
7249
5394
2413
6785
5989
9738
7854
5854
4763
9546
7021
9787
1791
1937
9588
3795
3115
2197
9545
9763
648
1819
8505
711
6781
6252
9836
5922
2667
3938
5885
4250
4043
5376
6363
8977
7199
9535
1543
5490
6169
3400
8399
1715
7691
1956
6710
6449
3088
6152
2806
540
7460
4432
6223
6795
238
9692
3753
5772
6549
3663
8447
1734
3218
7705
8334
3540
9946
3865
5841
4912
5523
5138
4492
9266
5853
1088
3683
1724
4491
135
6804
3766
1038
2681
6419
3491
8794
9364
6100
13
4045
4114
6198
2505
7354
6357
7815
9136
7891
7003
7442
701
243
7518
8241
8780
9824
2947
3203
1759
7448
3767
7910
5660
7287
8825
3086
7140
1210
7491
7930
4667
4864
4555
4364
7694
5801
2941
5807
3934
1539
592
9056
6468
9252
9585
5546
600
9105
9310
9203
9633
335
4466
3411
6321
5844
5771
5369
8550
2196
7101
6143
7773
8429
2153
4982
5503
9842
1418
8944
6997
1985
6592
6904
6383
3408
3130
561
2673
6008
5706
6496
9370
51
9481
3665
9854
3519
8170
8736
5054
5011
2334
8753
1689
222
8868
4179
178
5223
149
8000
9964
3298
3953
3016
8711
834
9622
4453
279
8304
3117
9444
7919
5067
2712
1256
4471
211
8530
2988
5301
7397
912
9137
180
4567
1042
4727
8893
1331
2879
6109
5226
6744
3022
910
7769
6085
3996
6448
8833
6739
7594
978
334
7786
4074
3808
7812
6043
2728
2411
8966
3029
3078
8325
1299
1208
6179
9569
1439
2510
4798
8930
3636
2401
3989
4194
3542
2447
6337
2511
3651
8849
9189
4060
7895
8182
5311
1719
9469
6864
6981
1658
699
7951
9242
2635
2731
1790
1364
6175
5862
1100
6399
8401
6670
6537
7027
5467
9593
2142
1876
1514
4846
2846
1221
2378
584
3473
116
5613
3573
8729
142
3388
5786
1538
537
2218
7687
2978
5968
6474
4666
1978
4923
2938
8431
7718
1447
2080
7703
2407
8538
946
90
5738
8049
2571
5615
7569
9707
6829
9018
5802
2403
1367
164
767
8553
9917
4882
5259
7099
8974
4037
5304
1060
8685
8589
5874
2188
4461
4509
8287
6865
2643
7344
9366
1423
5121
4125
5992
3155
5451
1209
5552
6524
5662
9773
8147
5274
3383
489
6885
4711
2160
2798
3577
7643
9872
5385
6396
5198
6281
9486
4276
8169
9246
3833
9572
6671
4390
3178
7863
2653
4624
2867
1613
5881
903
6287
501
4921
932
4739
5975
9696
9029
6101
5425
4833
188
5234
2613
3804
512
5580
1303
8518
3442
2756
955
438
2659
8772
6394
9416
9906
8563
1786
4527
7619
3807
4336
2627
2478
3409
5364
2788
549
9209
6333
3548
1653
4268
839
726
5083
5387
7658
554
9880
177
8063
4768
4281
2310
307
5632
2350
9698
4474
5572
2293
3260
423
5203
394
833
6934
9380
3591
1389
4358
659
5710
2445
9910
1141
7578
7449
6185
8829
2306
4483
3338
3433
2652
8950
6683
9612
2162
8134
5145
5333
4701
8379
1401
5222
2232
2580
5288
1926
6163
3204
8400
6767
9680
7896
4974
1053
6542
8895
7272
1563
7469
329
5380
1273
2200
3024
6641
3578
6382
7974
106
7737
8336
5170
7338
6775
4190
4539
6935
3238
2174
2931
9229
6204
8002
8418
724
7511
8595
6796
4573
9466
4571
6495
8199
2013
1406
9148
1316
8141
5346
681
2322
4730
7964
8368
7275
8055
7438
9470
3062
8339
3581
2790
2854
7109
9150
5285
9263
8581
9737
3322
3135
7876
2882
5472
6295
7128
5205
2933
5131
3485
5811
8862
9400
9193
2825
3373
5213
982
4751
6427
2285
2464
8433
1574
2211
1732
3508
9584
9480
566
8448
3920
52
7883
5790
8187
1069
4939
7123
4503
16
2537
101
9975
6894
8136
2178
104
8789
2227
4649
5636
8546
7995
5720
7975
4110
8018
9491
3120
2539
845
7297
500
6494
7780
485
9206
6139
4518
8600
620
739
7792
9138
6899
3089
7894
8774
4107
4691
3800
5525
2328
5416
2592
2100
1449
292
4077
6848
5161
9821
3452
8867
2723
2235
7414
9775
1142
1565
5341
2046
9221
2330
6954
312
2072
8380
369
5013
3481
5982
3603
6717
347
1339
6938
1230
5996
5474
53
7494
9689
1393
8116
7867
8896
6164
9886
3668
8567
3248
4578
5870
5703
1120
2109
5965
261
7892
1365
9359
4508
8976
552
7979
4744
6227
5427
5958
3575
9983
2332
2248
1917
1540
1483
4534
6568
3688
5991
9318
5243
4997
1930
8243
1465
9463
2275
6365
2784
8554
1652
9050
2491
2966
5082
6594
9863
6351
9282
2379
9062
3138
5735
8903
2690
9230
4858
1656
7747
4913
5069
7420
1907
2500
9999
6308
2300
4773
49
8096
1723
8173
9030
9530
5125
9145
9437
8282
1727
7126
3863
7495
381
5594
1671
9012
1551
9573
731
7653
517
9151
1634
8029
3239
916
6412
6590
7884
1148
6591
4970
1771
6285
7182
953
4520
3727
3297
3033
2837
4559
8428
9095
5962
7577
3787
6193
3882
115
704
9199
7846
2662
359
4073
343
6484
9135
5317
5446
5247
5240
4288
5260
6912
2070
6472
3040
5863
5075
7914
426
5060
5687
7662
7477
7810
4300
6377
3990
9081
3350
2373
7590
9256
8384
6794
7187
9057
1798
847
4968
825
8062
6031
8746
8599
7832
9663
6861
5268
7579
6380
8577
719
3925
179
6716
4689
7753
9544
557
9499
9671
8301
1472
2536
6533
297
9046
1785
2990
3144
3922
4213
7920
3546
7937
3460
9613
1849
3398
9385
5318
9515
5277
4928
3275
5286
4869
2420
2343
8110
5774
303
462
6067
9632
9947
5180
9448
9015
9504
9195
3489
8629
4861
5535
9088
6242
1777
3271
7610
2417
4561
4044
433
97
5261
6171
1037
1632
1825
5392
7992
9659
4827
7018
2546
7203
7406
2799
9542
8959
1205
7763
4683
4402
8793
9388
5937
8859
7431
3526
1473
9795
9303
9991
5182
9126
7993
1756
9536
420
7288
9757
5349
3844
1139
2126
1568
1905
6702
2631
4035
7514
8303
8821
5921
2975
2194
7484
8839
9065
8779
6693
1984
5560
1091
2924
1266
6715
5017
9139
5582
7584
5025
8989
4413
6800
5492
748
105
5859
9398
5104
7478
2082
8138
6196
8098
7324
8375
5736
1977
3547
7403
515
908
89
3143
5658
4915
7309
3796
8782
4279
9017
3946
9615
4159
6943
5374
3592
6573
9838
8363
2204
5988
6752
227
7711
2961
2761
5663
3172
6093
4965
8393
5329
6836
6255
7507
3278
6463
3255
5646
27
8916
1057
2225
8326
2526
3093
319
3430
1320
5865
7856
1593
677
6239
154
7139
2495
1177
6773
3244
8498
5545
4468
4360
6211
3157
6307
8189
5933
2472
9916
8356
9929
6415
268
5622
6238
6914
8751
2994
7134
7279
8520
5186
8953
7699
1213
9634
67
9011
3891
3648
1908
3596
5445
2181
7702
1113
8360
7818
6946
2661
7953
5573
998
189
4041
7189
7990
840
8421
1272
5020
5537
5065
3678
752
1850
7036
6580
1395
4710
9776
6750
9878
3210
1705
4868
2263
36
779
3872
1573
8723
4575
1713
2387
8509
945
7526
6840
3467
4703
9476
3695
2462
929
5598
6301
9899
8137
9336
235
6261
1089
7091
9891
3358
3965
6677
4696
5686
1837
3660
5524
1694
5935
926
498
864
785
168
143
6662
213
7303
7890
4368
9304
315
3483
5103
217
3250
1925
9070
4211
3998
3320
3299
4875
7320
1848
3583
2376
1742
1381
1251
7707
1356
8561
964
5892
3544
4917
8852
5099
9994
808
5951
8297
1027
7032
41
981
2847
823
3369
321
7423
7319
7498
5308
7865
9072
9638
3316
8678
7248
5954
1702
3523
6566
7618
2638
2822
47
2595
2736
7122
4217
7418
2212
5601
1695
4714
6207
8993
109
6481
4087
5986
5332
6980
9997
8720
2623
3438
6619
9656
7215
7814
5998
8247
7796
6075
7751
3379
6817
1830
7070
3378
5162
7888
5619
2826
9697
8045
7347
3608
5204
8972
4435
8984
8881
8203
1506
9566
8596
7739
461
6232
9866
2795
3810
8347
8643
6979
6532
9764
1176
2740
2852
7483
1479
9127
6891
7466
5960
5681
4477
8667
1706
5792
2579
2185
3313
5493
1294
3175
7243
8370
2792
3909
844
2596
80
519
4277
4638
3941
5194
6245
9026
5873
4326
5397
7797
1276
3030
9276
6970
2963
6639
4030
788
6722
3511
4597
6011
8264
5876
37
9952
1127
1498
1586
4452
6425
9820
2553
4750
9743
8430
1282
8514
4862
4346
7788
6620
5758
8300
1116
8321
986
6097
6908
3331
4480
2098
8318
2810
7486
7335
2335
9977
2932
1005
2969
1340
8034
1547
7682
5926
4218
4344
7383
2219
4195
1186
6907
7692
4180
9009
8480
7730
627
2809
8078
226
2819
7956
5798
9826
3304
3751
9857
7082
5159
4158
1624
5701
2367
7461
348
6299
9197
305
1197
4978
8619
2895
3347
2757
4834
5526
7095
8982
6719
3113
9484
8496
7675
7236
7791
3170
5432
5340
6782
5505
3558
3437
4743
6831
6033
736
1875
6902
350
4325
9422
2406
5586
9142
8768
8594
8440
5522
3944
5880
9071
8111
8037
5777
4789
6338
8650
9589
4984
2877
9653
7075
1651
7113
6596
2195
2249
196
4953
3342
822
3590
3240
8994
3841
3441
6275
7366
385
3792
1399
6881
2940
1829
9392
8003
9387
2858
3454
8684
4607
1602
4135
8495
1158
9075
8281
3031
6649
5746
5200
885
2433
6121
3626
4890
6417
9110
7071
9166
3128
3724
8925
3610
6240
8624
3986
9249
6920
3815
2916
2161
8536
2503
5269
4319
6444
2531
4075
1610
606
7181
4524
4637
2601
3192
2353
2319
3499
3961
9052
866
251
3555
8938
9027
509
1147
8799
2906
7678
5339
887
7357
4788
50
3356
1432
4033
6929
7250
9728
593
8302
8665
1581
6779
3479
9002
7500
9
8908
2036
2568
1704
2996
1504
8613
1436
7558
7650
4734
3762
6497
5454
1927
8001
7585
6627
8889
354
5678
8276
7110
772
9868
3972
9210
285
4061
6872
2492
3870
8291
9591
1267
1553
4136
2032
6906
4069
3801
4004
6637
3081
902
1773
1874
9957
3984
5184
4700
4803
2953
6640
1130
5956
7522
5973
301
3880
8215
5196
5199
6305
9690
8831
622
6774
6673
1441
9332
1202
1909
1467
9930
7467
6631
783
7708
1633
1955
629
6552
3101
7073
4830
7622
3904
4329
5871
4296
7541
313
8125
2582
8719
7933
4284
1873
2094
7935
9635
5132
9285
7211
8127
7656
8168
1659
5812
4516
5759
1823
2741
9747
8184
4909
801
2222
4684
1049
8140
8472
8236
4728
727
5520
9888
4772
6727
3305
6098
1460
8601
1464
2939
8869
3574
3518
1236
8732
1583
5766
3212
4115
1488
8872
3517
9297
6451
3021
8797
7332
9375
3406
2466
6068
6421
3443
4175
8890
5193
2685
6340
9972
4024
1526
6326
7765
5912
6579
9377
5955
559
9098
8374
9449
3783
5689
6550
5190
4380
5869
1196
8093
351
1307
1561
7121
1135
4354
553
4582
7924
9100
9913
6228
4148
5325
9265
8040
3068
734
615
7063
8103
1558
8899
2815
6897
7388
7474
6483
8271
3980
2982
3876
1805
7954
6895
3747
8397
6018
5365
1989
30
8346
9274
2440
8288
8131
3219
9421
4134
7238
1287
5748
3788
6465
5479
8413
5928
917
9673
4540
9415
9753
3045
9383
4207
5342
6754
3495
136
8178
4206
6998
5637
9490
1440
3254
7695
7980
4227
6536
7945
4189
6917
1655
2735
6856
252
5107
5952
8265
4379
3832
6248
4209
1253
1856
3494
7850
4551
3742
7879
5764
1666
2597
203
854
9565
9777
6828
3131
9968
1
6648
3704
2772
8274
4872
2317
7738
5538
7860
7925
3780
5948
7368
8032
8195
846
9822
5256
8763
899
4428
9335
5244
9212
3039
4304
3535
1648
207
4168
1554
7067
837
5676
3743
1644
7755
6324
4845
5305
6740
1392
5035
975
2827
8605
3839
230
7689
8122
5679
4222
7247
6737
4668
7517
5255
6933
7637
8366
7464
3283
3955
830
1469
2286
2567
642
1111
2473
480
2278
4586
2669
662
8261
3274
4601
2801
3488
5544
3785
288
439
4138
290
1363
4100
5357
9628
9022
5788
5378
9175
514
4310
8214
8935
1902
1074
5338
9154
4447
8716
5894
3214
9750
8048
4723
2875
19
7456
4188
2850
8556
870
1703
6452
2224
7897
9372
5126
4820
535
4752
22
1716
4233
8295
8892
5252
5208
2177
9325
5763
4706
1743
2468
5320
2515
7717
9222
176
9971
6661
7371
9759
1962
4737
5399
2104
8426
3410
5860
7488
9104
3886
4384
6083
4093
5395
9218
2648
40
7502
5350
6329
1090
3450
1678
4574
478
8333
1112
2089
2921
2486
9171
3061
2912
1044
1493
374
2206
8973
6485
3593
6858
6276
2913
765
7034
2308
6194
9538
7944
9865
3567
6913
2386
708
7777
9418
5529
151
4130
3335
6502
7206
6564
8661
3814
2320
1576
8805
9594
2421
2349
2920
2375
2035
1317
2702
7538
9905
612
695
9577
5542
2199
9553
9330
70
8226
2907
5337
7475
6519
1099
1896
7684
2813
9949
4841
3362
9672
935
6853
6369
5124
8035
2004
1065
8162
9069
4333
5143
7681
3652
6114
7661
5731
8617
7030
9606
4855
8838
5587
7471
5456
9158
7790
3422
5628
7757
3737
3337
9992
6655
3026
8919
7343
3505
5197
7386
3168
6905
9746
8614
6618
897
3097
8755
1980
3475
6088
5725
3692
7195
5675
9348
9951
1745
6685
9845
5656
1402
4884
4232
1657
4941
3431
1182
5583
1335
1940
5232
2519
7345
9996
2115
7235
4031
6096
9227
1455
2678
1979
4702
663
6387
7719
3166
471
6966
4879
91
8128
2687
6873
193
3691
8960
7334
6554
2231
4440
505
1291
9986
3237
4847
9362
5287
2422
8172
2796
496
661
1255
127
3183
486
5019
5382
221
3936
7686
8135
6523
9809
3049
1193
4761
5316
4003
8224
1580
2775
8574
6930
4451
8050
4015
7926
5692
1725
314
2868
6544
4532
4497
3385
5635
364
7923
7942
1640
5094
1888
5211
1114
3330
3311
9454
9541
3032
1478
7220
9014
3710
2724
1505
9216
4347
206
4612
8820
4101
445
8602
6742
4
8351
2509
8865
6652
2241
6859
7062
9161
5923
8479
270
6821
8579
9320
2753
4455
2575
3532
8616
4049
6690
9354
1199
3740
7546
9428
8021
4228
3004
6964
5463
7704
6692
4605
487
4762
6234
6551
4519
1722
3983
5823
6442
5691
7225
6367
8073
3010
6667
4795
3159
5558
8059
7669
7725
5109
2830
1068
3735
832
1853
10
754
395
831
3082
2614
7427
4456
1952
5421
2487
7081
4485
5462
95
7663
9240
3582
756
5231
3877
5212
6104
9604
7632
5589
4342
5273
6147
4419
7915
2521
9190
6925
6012
130
7963
9381
6264
8099
6409
8064
2041
7575
8800
8583
6074
7223
4387
2321
8815
44
9124
6408
6469
2691
4682
5088
2483
9884
7053
1637
6188
2171
2598
6972
5074
7551
8939
4359
6736
1346
5599
2368
637
2925
1507
8344
5091
2484
793
714
7124
5153
5214
92
9702
1305
7978
1216
8857
6344
4975
26
8294
4215
6600
2423
7907
4289
4640
3333
7803
9893
399
4673
905
7212
5465
1258
9080
9109
6778
3044
3726
5694
7902
8517
2504
3220
3969
5778
2305
6886
9620
3486
506
6145
4001
9334
8648
2398
460
2836
7824
4353
8185
810
1766
5048
5263
2812
3301
6129
3721
3711
1692
2752
8044
1007
3570
7080
3803
8662
5941
6309
3324
9807
7635
6527
1571
1188
3700
811
2007
1380
8235
6266
857
5466
7108
5298
8835
3390
2236
6726
3114
2254
1747
9731
4572
6455
6219
8254
6054
8676
8434
2134
1794
9159
1010
1502
6303
6470
8969
4121
3680
9231
7118
1165
737
1106
383
9678
57
933
7982
9937
9749
8367
4273
5577
8200
1748
2359
7536
8979
8680
7387
7261
1110
9477
2730
8197
9337
2701
8163
7916
2840
1155
2984
4095
7555
411
7064
6347
4983
5514
5945
7378
6268
4243
5768
4911
6868
6827
9970
8906
9059
209
1022
7734
8750
2747
9908
5471
2326
3554
7086
4089
4904
8657
1736
2666
8452
2069
3823
4715
2532
2676
1589
2743
3696
4837
9243
3009
4396
6160
118
1262
9736
5319
1239
987
7955
1248
8914
4407
757
8252
2820
6656
5028
6166
1864
8576
1682
3480
2493
8155
9269
3208
8781
5907
4140
1883
3896
947
6454
3296
4421
5671
8476
2365
9479
6698
476
6381
4472
7056
3372
7437
1577
6000
6834
4725
1162
6884
7172
1643
6949
6500
8802
6712
1490
541
7946
2610
851
797
5592
6825
7842
4799
746
4381
9520
5483
7655
1219
6602
9232
5775
3171
379
7631
3911
2899
4309
6748
7749
6694
4902
5486
9919
5023
7340
2458
9624
8383
2461
9867
3264
5890
1491
1480
9681
231
2078
8809
1085
1300
1537
4425
4096
2570
8587
3426
8043
3838
2888
5755
110
2028
5700
3193
1843
4328
3993
9990
7094
4301
560
495
2928
1834
342
4842
2805
9592
4926
3734
4317
6995
609
6346
3364
1442
5302
5239
8631
3765
8324
9940
6585
3851
8446
6112
4818
9436
7733
7059
8646
11
2785
3769
7422
6477
4512
107
9173
2949
5086
7452
14
3064
7565
2025
5789
194
8202
3387
6366
4988
7131
9960
4240
8847
1345
2782
4256
4152
7415
2544
1501
657
8933
3809
5739
7084
1969
4552
4444
6709
7375
212
468
3756
7413
7405
6424
5264
6364
6557
2999
4178
8752
1828
7957
8660
742
3281
8921
504
4290
3182
3195
7147
4925
7184
4515
94
5994
6064
2037
3292
8190
6963
9558
7364
1415
3198
2564
3974
2650
4722
9130
8041
1326
4646
9442
3931
6436
6969
5352
702
5084
2031
3432
4819
3351
6343
3661
4469
6892
732
9077
4990
7120
6284
1283
8697
3429
5029
4430
6562
9547
6880
2675
9700
8737
8528
3531
7302
7559
3377
8019
3234
2714
9313
4258
673
9898
8014
9706
5435
8980
2615
4942
9985
6854
9723
7222
8230
8978
102
6563
1055
3529
4530
1712
3139
8157
2242
1661
9667
440
1761
2577
8804
5713
5410
9808
3407
7367
3821
2890
6863
257
5307
6534
2110
1802
4870
3401
6290
6589
1373
6811
5680
9185
4039
2058
156
4340
9280
7160
3543
1524
5830
8470
9719
633
2382
2817
6832
6378
1094
7736
9493
216
5765
3043
1388
4641
4200
8822
8465
4052
5459
5570
237
3723
8532
5417
850
8330
521
2124
9048
4568
1374
4769
8636
6806
5943
2409
5314
4375
1933
4510
7180
3416
7025
7277
721
9037
9794
5485
2529
2986
5800
4000
2777
6094
1322
7968
3496
3707
1086
5804
7412
3256
7068
9833
6155
7726
7746
8340
8056
2399
3118
2298
9761
8206
9389
5574
7294
6020
4229
6277
8819
1600
9311
7020
865
7040
9978
8813
8580
7485
3371
1034
5985
4193
7989
1323
8901
7049
7775
611
6457
5381
4007
669
3597
6953
5359
1598
6511
3510
5655
1133
5024
3001
7693
7445
3576
1562
7318
8112
6039
1350
1738
9045
2132
8345
2528
2602
2677
1904
4681
9969
9393
7627
3715
3020
6647
6282
1867
7263
2572
4220
5431
2062
1515
5918
7291
2436
2637
3549
3357
1198
6294
6529
1735
7634
393
3703
6910
5489
2645
4757
4642
6241
4414
7513
87
3901
5160
1252
9631
4566
1241
9125
2045
3649
7772
8292
7251
8017
7625
5717
497
4262
1997
5528
5602
6327
1611
488
7264
4599
7821
2482
6893
4740
7715
144
9928
3568
9094
4732
4577
5500
6237
5358
7742
7586
2283
454
6142
7624
2566
5405
3177
3586
6755
7802
1688
5484
1869
3071
6898
2333
5
8941
5229
8915
4151
6548
2394
8814
4184
573
6209
432
8087
1919
2396
2507
8785
7455
6467
5009
883
9404
8910
1749
5253
5949
9091
1366
3470
3871
6292
5872
4610
2455
7881
4935
5027
9936
9382
7752
6111
5078
4370
7858
4400
7593
1638
700
9128
7840
7289
5556
1405
2366
1530
8101
2727
9207
3343
6222
7069
6302
322
242
3235
2085
8863
1015
8404
2944
8051
1779
5007
8691
9001
7740
7727
6270
949
8943
4542
7232
2245
2203
9054
921
8100
2450
223
5519
3601
1404
2243
2165
2301
69
5618
4246
5567
528
1803
4893
1660
9831
2901
9457
6733
5516
7102
9349
6006
8213
1840
4157
4108
4416
3092
7966
7973
2449
1296
9818
2047
3053
852
8016
8597
2337
3050
7553
5914
9257
6852
4677
4850
6615
5630
6117
2061
3070
8897
9726
9271
8161
3755
4933
5379
5064
2926
7410
2956
5470
332
3047
8427
7359
274
7591
9744
4647
3689
8965
2530
1696
9799
6574
5891
4145
3679
7767
9716
3845
4724
1372
534
9806
4064
3484
9460
1739
930
8712
7168
7306
6613
9989
2022
4275
984
9316
3914
2198
8739
7373
200
6014
7394
5606
2563
3051
7838
5312
2120
8964
2866
958
6076
597
1572
2189
5650
9935
9041
8672
6614
6230
5291
2053
9748
3754
4908
424
6688
5737
1697
954
5511
4765
6441
7157
2274
2919
2443
5517
256
4952
2889
5135
2279
679
1609
7967
6708
1353
670
2011
1224
943
6732
6061
1729
1859
4896
3403
2081
8011
467
578
3831
2024
4500
9873
8578
2369
4263
2512
2543
121
4242
4496
2870
8783
5216
6478
5693
3153
1138
6192
9278
4433
3956
2404
892
4679
1362
3878
9641
4838
4944
4259
6731
7377
2111
1400
3482
9688
1223
3513
7389
1140
6728
5032
9394
2432
6423
9315
8309
9995
6665
8726
9687
6071
3806
8285
3633
6922
9611
4718
