10000
5454
2132
1120
5327
5465
5316
3520
3099
7002
3267
8571
2226
7297
799
7172
6439
8685
7286
1302
8615
5328
3214
5419
2972
3791
9142
6616
7461
4772
5414
2588
1939
7294
9422
3717
6361
8562
4974
4357
8799
102
7219
7959
9296
9140
2159
4417
3040
5962
9349
5381
8051
1593
7934
4850
1985
8098
5890
942
1069
7965
1453
1765
4229
3590
397
3944
4038
6402
3677
1610
4859
5446
7449
6331
2918
525
2457
7225
3742
6727
3806
6582
1228
7095
6705
7265
4809
6649
1654
5592
3249
1258
2421
3042
6842
4255
7674
1368
7574
8033
2101
2711
7570
5263
8353
6087
1950
6314
3079
975
6114
5723
8383
711
5964
4275
7854
1152
7179
6353
1702
730
8876
3984
7026
9318
246
2975
7794
6845
9868
8148
2034
291
7117
3443
6168
6174
6728
764
5372
5459
1691
7713
5306
4587
740
1937
8798
4792
3525
4091
8748
3585
9939
2113
185
9536
5481
4938
8646
511
9548
2774
9918
9712
2369
8716
4344
7314
981
7233
4678
7530
9266
4356
884
6798
7216
2817
3925
4851
9552
6958
5455
4768
639
4569
976
2305
5432
5530
4022
6724
2692
9175
2722
2311
8417
3570
9775
785
5961
1760
8350
1129
1565
7066
8820
8692
2779
7350
9330
4973
7698
3972
9978
5060
3709
2228
9095
4028
2547
5667
9727
9478
8382
8674
7152
5495
8634
4050
1926
7123
4573
4268
9167
1131
7645
9045
7635
3565
6027
7564
7339
5368
2247
343
9435
1745
3499
899
1769
262
2828
6674
4206
9433
2787
4930
8255
1419
6624
6227
4966
8347
6703
7011
170
4996
617
9836
6229
9848
7848
4380
4758
9264
6562
5553
1167
4498
4821
1923
9703
670
9484
3608
9706
8618
1655
9122
5604
2065
5800
9954
7343
7322
4261
9182
4213
3842
4806
8616
5421
7632
6142
9800
2683
6768
3018
1974
7137
7329
5915
2884
4408
9332
7633
8767
1813
3745
8766
4905
4937
1198
49
2204
6690
3019
7675
6609
8643
4491
584
8071
1853
423
6794
3845
2548
3308
7486
9216
1718
3859
7605
9404
5204
3347
1716
4532
3153
2758
6424
7726
3219
8135
2335
8678
8640
4640
5296
9351
6906
8337
3481
242
8822
7879
9518
9346
3074
4890
2892
8167
5069
6298
3001
430
2397
2674
6602
6376
4098
462
3357
2709
9812
6281
765
1125
8445
4026
6908
8752
3985
2826
6832
5416
8534
2930
5063
3393
3024
9543
7639
5129
336
9277
4797
4502
4424
856
8537
2839
8781
682
722
8225
5849
9627
3431
4493
1061
9458
6367
7189
9113
8588
6239
5547
4084
1885
817
3612
51
1908
4893
4007
3903
6665
4076
4670
9160
7173
4101
7665
7929
8183
6360
2124
3016
6123
5791
313
4504
2719
8720
9717
9586
344
418
6942
1055
1792
1478
4051
9527
8887
5036
5857
8009
8645
1366
3448
1252
5264
200
2329
3577
8800
7728
2603
5115
6683
5107
8424
7545
7436
3723
4547
5236
2498
9858
104
7380
2044
3269
3141
9056
1265
6862
966
1316
742
3738
8250
8719
3176
4885
4807
5005
7688
3394
4917
3653
5124
9864
2213
5750
8220
8956
5992
717
1882
1595
5061
5223
8105
8388
9229
421
6818
1493
4096
1463
1842
6561
3329
295
2606
4384
2428
5093
1018
6359
1082
1146
6974
5028
7441
8755
628
9936
825
5711
526
9964
8369
1034
4039
3541
7822
366
5913
9271
4610
2284
6013
5346
1319
4462
64
7371
6457
8527
761
6469
5187
2190
9810
1931
460
2000
8806
5468
7758
4546
858
1662
8695
7578
6615
2569
1910
323
5563
9075
2315
7097
1849
9453
3120
8122
1995
5775
7526
9740
4322
2265
1471
5568
2699
6718
8449
4192
2526
8173
6135
3895
9991
3210
1773
5336
96
8710
1589
8613
9042
6782
3315
2296
5643
695
5080
8768
9366
9998
456
7062
8924
5404
2220
3625
2126
369
8395
2116
3390
41
6417
3733
7657
8504
5520
8111
4398
6726
994
1136
6896
459
1759
7045
3416
6560
8277
3186
3062
2035
8775
9486
8237
4306
5049
6884
2984
5253
924
1030
7128
8381
4545
2670
1013
4377
5145
8593
1401
8811
7296
8356
715
954
2479
4592
1730
7022
1828
9353
8754
5509
2520
8030
4125
2941
3905
8037
7464
1298
1807
9881
7669
1741
8061
9239
834
8647
1976
2156
8438
9208
1787
6279
4848
412
3973
143
1039
9535
2004
1072
2354
6445
2818
7494
1653
1238
4606
8223
850
2041
2824
9553
7886
9584
9889
7383
4333
4947
3284
4390
2766
1876
8334
3306
2036
7518
9467
394
3486
3617
8526
9328
1343
8461
3552
4657
9789
9654
8519
6470
396
5918
8450
1261
177
1779
1182
9941
5109
6139
3544
8358
4361
9542
6129
6802
5099
7118
2056
1164
2527
160
1264
2521
8948
6658
9782
457
1591
9737
9972
6392
7262
1295
3263
5440
3273
3954
2952
80
311
4620
1887
6097
3408
1600
3432
7990
8909
4708
8144
9862
9993
6344
7687
3605
7873
5398
6717
81
3524
9946
3110
2170
8792
1603
154
9119
4561
2793
461
5707
9185
4856
8553
144
8972
8546
5490
2239
3322
7721
6003
5774
6944
8423
212
7650
2913
9794
1007
3327
8147
1513
5815
7777
7178
2770
8633
1625
3223
8057
6474
3086
5228
9757
4166
1851
8124
6112
1042
1263
7291
638
1621
9209
3666
2581
680
3319
2764
9524
6264
3484
8054
4536
2522
2953
2420
6857
8724
4088
8830
1521
5047
8605
2697
5616
946
9345
352
5990
9979
692
6773
1107
1957
47
1559
4774
5638
1151
3092
1143
9687
5358
3734
7450
1497
5756
7816
6055
8495
6767
1015
1569
4958
8226
5493
4989
8999
8880
6441
1485
1507
7932
3490
6849
9808
1248
3655
3500
2029
4459
1960
8528
8793
3527
7607
282
4650
5375
157
2143
2726
9981
6394
7705
1062
5856
7420
4162
8945
9321
6348
1724
7230
839
9355
2216
2967
2128
5742
637
4299
3999
6244
3561
6854
5008
6422
2571
1542
2800
8828
909
6057
1358
6267
1287
3966
9176
1380
4861
3943
5508
9824
2737
902
2681
2871
9514
8323
1384
9080
3947
5217
1904
2471
6368
5426
2138
9161
7696
788
4349
9151
6986
6065
8697
4607
6675
5211
4359
4352
1333
3247
8412
6217
7053
7870
3887
1734
4686
9718
523
9901
6334
3837
8568
1523
4566
3036
630
8732
357
8874
5373
9231
3900
7787
4283
6485
2691
915
465
2840
6234
1281
6696
6871
7442
7586
7004
8082
429
5334
7247
7523
5780
4871
2449
8696
5285
2098
3545
4422
2211
5276
1696
1816
9869
7154
192
2088
2901
6072
9434
9532
7253
125
3959
7664
57
3866
5460
8805
1154
5926
6892
5965
1563
326
1596
781
7439
9742
9070
4263
5580
9743
9136
3877
8871
4414
2291
2573
8205
3533
3125
2752
1875
793
7948
8963
7419
8968
953
5581
860
318
168
5789
3412
864
8642
808
7720
1999
3555
8153
3156
4187
7088
1183
9739
1590
2866
5862
4899
1426
6579
9781
1058
6779
1328
642
4506
4529
2505
107
2146
4987
6543
9352
5571
9539
1632
7891
5983
4209
3321
5982
6451
2197
6398
9054
5798
5197
1195
6185
1155
6068
2653
3420
848
279
3114
2324
1695
7049
520
3711
4944
8586
9948
3897
5335
1168
45
4021
92
2926
2539
8993
9440
2054
2055
7788
3083
7155
8099
5879
7838
9240
1443
1552
5912
5623
2307
7375
6990
9121
5752
398
2339
6993
4922
7684
7727
2115
7943
127
3271
4842
5562
2014
9675
9269
6514
4839
1878
8916
1847
3548
1229
7749
3241
9173
7651
4057
4199
3907
7385
4625
9170
4334
2234
6162
564
2803
3084
5019
2224
734
1440
8846
2462
6828
1481
6178
7348
4215
6339
1799
2435
8123
6539
9413
8751
5239
840
5399
1162
8384
2090
2507
8322
997
8823
5754
524
8335
5883
6984
1994
6024
5180
40
9431
7205
2222
8235
31
3671
6901
4428
9934
6796
1525
1825
6526
9013
6131
8163
6472
1753
6971
7098
6747
9198
3498
4649
8479
7501
8664
8064
2738
4783
1767
5618
9961
2223
8802
6201
2259
4674
5076
3428
9115
8410
1796
4960
6303
741
3884
8047
3117
1508
8715
5554
1458
8529
8952
985
867
9368
7930
7070
5135
2181
5037
8232
4285
9169
3268
6876
3350
8554
9416
3808
648
7429
1413
7529
5474
9952
4766
4336
148
6510
882
9531
8101
8453
5946
8180
9284
6029
6866
1576
6659
8462
2679
3817
6813
7593
3724
2844
2171
37
2878
5367
6249
2513
128
4898
7652
3038
9877
6931
4715
9603
6037
431
8731
317
9947
2948
9892
2200
6042
640
1852
9674
1966
1054
7868
7618
3278
9860
9599
4145
5511
5842
6096
7182
1006
4520
9380
1932
8273
3082
7134
603
9573
7261
1292
3951
2751
3521
4006
445
6936
4402
3558
2484
1929
8762
1234
9768
2627
7649
6592
5435
5072
6040
4453
3888
9194
6056
4976
1846
6930
8303
2231
4292
3599
9797
6466
5081
3015
7900
6258
2327
6036
7836
669
2659
5042
1783
7334
3730
4195
8038
7217
7156
9628
2564
9447
7913
4481
126
9578
4773
6513
3240
9442
635
9230
4410
4703
2422
8095
5114
8679
8100
2645
1084
7399
5859
8736
392
5289
3178
2440
4619
3836
2858
5281
5408
6597
9015
6970
557
390
7860
9962
8904
503
3143
4033
7964
5607
2382
9389
8773
18
4441
1083
2652
9157
1110
1312
3464
5697
2384
9973
7644
5052
4214
8067
2497
2431
5016
9480
306
6187
4589
8079
8283
2251
7917
9643
2208
4808
4811
3098
4726
9630
1204
4302
4878
9492
2232
8074
2016
2458
8892
2519
221
1341
4560
5176
5837
7513
7214
3949
6488
9562
6301
8
7987
8187
3827
132
1096
7832
5591
3233
9273
3938
1381
9147
1479
7030
9671
2529
6076
897
7101
7642
9656
6443
5601
4246
2488
9494
2561
3181
6916
1104
8614
5407
4257
2151
2272
9475
7819
2897
7135
6814
3703
223
9932
5736
6419
5045
4411
9814
4935
6173
7817
8965
7407
9337
8782
5967
7804
6928
9007
9607
9942
3902
807
2971
1959
7979
674
548
514
5814
8108
5227
9966
1725
6247
4072
4595
2026
1997
1657
7335
5165
5423
3593
4729
4677
4701
3115
7643
9359
4672
2785
355
6643
1468
1811
8444
4694
5325
8275
2172
32
1956
8665
2942
7487
1757
8543
3896
993
1728
1223
9102
2851
1697
9199
1482
4757
2225
2778
5869
2373
270
4847
6959
4448
5317
1445
6821
9734
3491
9709
1377
4714
4599
1665
1727
2973
8734
8175
7882
724
1982
5400
4052
2837
9361
8850
4564
8917
6994
8651
2780
9242
4401
2368
8392
1305
4794
4834
9684
4004
5889
7595
8975
8086
3958
3217
8397
2604
8688
8510
851
690
4468
5745
3203
3310
4534
8826
7220
2314
1027
5203
7778
2968
2267
8729
8725
4317
364
5100
977
8006
3470
1949
4574
6375
9666
8212
3690
1870
2183
8029
8355
3354
9245
5987
3397
6528
3607
6383
1334
9533
6437
3873
9688
675
4154
7209
5764
6312
4558
3576
7983
4635
4512
6280
6595
2502
1169
7536
4054
2306
3805
86
4623
6254
891
8271
7775
3868
2218
6633
6830
1888
9164
1986
1367
3332
3243
5658
7307
5220
5898
360
5284
9426
7304
8657
4276
5978
1863
9032
4769
6847
6140
8376
2455
1786
2559
3604
7428
9190
3932
2587
5173
903
9387
5676
22
2416
878
9304
8533
8228
2038
9350
5270
6801
7203
6074
3248
4013
7272
5182
7847
9024
7625
3264
3930
7490
4991
7017
5167
9682
6495
6384
5292
6882
2611
5461
4830
6676
9293
5684
1527
3184
6434
1771
6086
7260
2563
5744
3847
4270
1474
395
4250
3945
7106
7
9406
837
1132
4941
4736
439
5323
2356
4509
7447
7454
3920
482
9335
2765
3002
2958
2033
8045
4683
4406
9420
3578
476
8659
2895
1772
7699
2145
5875
1624
1026
9246
5905
855
2532
1335
3022
8002
5087
1785
9995
6103
1776
7193
231
1259
1411
3388
8578
2716
880
166
1159
9424
901
1519
8188
587
2097
9317
643
5514
6860
2661
6805
2622
3147
9159
7918
7922
773
54
6250
9673
4413
6251
1071
7989
8819
2700
8052
5683
6224
3090
2613
541
537
1188
5810
134
4770
5772
4485
122
7416
4910
4137
691
8857
186
88
4234
3254
1475
1068
4269
3956
8560
6117
472
4240
3358
6089
5521
4297
6091
2028
173
650
1449
7801
1930
1918
7539
2064
5337
2396
9098
8471
8632
2732
743
385
6995
8164
577
9649
3445
6463
8631
6355
5221
7613
4316
7408
9756
5475
3819
1844
8003
8189
3965
6497
1660
6109
7571
8971
5519
1890
5924
5077
9965
5930
89
4291
7692
7299
5199
478
8454
5763
7475
3883
14
9865
5241
3168
7815
6522
3691
3139
3906
4242
8260
6881
6477
8118
6350
434
2814
6020
2933
4978
5271
4535
1227
1871
1201
5846
7620
4279
1788
7901
3325
4477
2528
3006
267
6453
1364
4358
7044
9311
1175
7735
2385
1833
6322
4942
5716
2463
1200
8607
2494
4799
3286
3311
9967
958
9324
7090
2985
7507
9333
2412
2195
3275
9471
6527
9360
4090
3969
9243
4040
8179
649
632
60
6844
720
8208
389
2669
2705
1484
2144
1434
2893
1934
1361
4690
4655
3579
4345
9371
9234
1045
131
1245
7309
2542
9300
6655
7074
7269
1371
7636
1002
7163
5178
6051
8638
2715
6220
3113
1153
4542
5522
8375
5094
9937
4596
2106
6427
8393
9029
2677
2775
2592
5257
7288
2206
5998
7662
3198
4325
5585
4239
5552
9625
9253
7195
7077
4911
7537
7991
6639
4841
9235
5116
59
3707
1448
9200
4967
1420
8211
6823
4781
2538
2075
2763
5439
1764
5280
138
1394
3000
5705
7136
911
4172
2027
194
9414
2043
1713
5208
898
8821
4779
1502
9342
6290
3856
835
4341
7542
7898
3364
3737
7619
145
9576
3646
4804
9951
4816
3763
9605
4986
8930
2288
1414
8672
9131
592
5542
6033
6755
9785
8305
5661
7604
1682
5064
7007
4099
701
7377
3992
7927
8621
9288
5768
1450
9049
9567
6787
6969
6872
4371
6540
8474
6271
8241
9724
4443
9254
4882
6429
599
2118
6557
7303
6775
7902
5579
2503
583
8592
3869
3149
4795
6016
8635
3289
9021
6644
8863
8361
5119
3334
4578
908
374
8414
7710
3330
6789
8254
9226
7957
5038
4990
6980
1629
9908
6502
2894
9669
845
517
4412
4543
2788
8428
3228
2323
892
5344
6286
4330
534
5690
7774
6011
7702
1222
7937
2877
387
8749
9566
7931
255
9708
1092
3317
6640
8602
3654
1812
9184
5428
1575
6363
6590
5633
1268
521
87
9052
5013
8735
8978
1124
4259
5291
2485
2425
6484
8049
415
3383
5820
1821
9913
7656
4918
3451
9896
5584
5120
7284
2843
6691
9436
5395
2002
6263
3594
8194
6808
4738
5502
4342
1862
7776
1332
6555
62
8825
3810
3376
2042
2009
9931
2664
8053
8966
404
7013
2297
8779
8433
3126
8055
7888
872
1831
3832
7076
4886
4813
3803
6583
746
6534
4000
2149
2478
2924
1285
5860
4312
552
4009
960
4144
6586
495
499
2100
4662
463
1899
6345
7553
1857
9041
3588
9759
6397
6498
6317
2082
9555
9816
2096
3751
8367
9551
3290
6921
1511
7345
6663
3505
9325
8761
6246
4814
6471
6105
6739
3811
6852
972
8343
8954
2191
6158
9323
3041
9174
4449
7228
2205
3482
5304
4776
755
8242
5350
263
5083
4319
2194
9172
249
6259
9294
7842
7100
5200
678
1690
4586
5219
1320
3769
3785
281
428
2107
4437
6176
4612
6071
5183
3194
7194
3422
5880
5134
9783
9930
5201
5866
5449
2541
2838
4059
6786
5079
5483
1736
4418
6535
7597
1286
8152
9134
3931
6041
8641
3338
8215
9806
2890
8007
2052
8886
4626
693
578
9258
7701
1751
713
274
5536
8861
2202
1567
9821
4696
1496
4135
883
4031
8786
4143
2970
5245
2470
3517
5678
9291
6211
545
5788
9694
7572
9030
1884
100
4430
5550
9466
206
4403
4713
4975
3195
3968
1352
8864
4668
6716
2358
276
6046
4095
5231
4577
7608
8134
5731
4881
2182
2575
6505
1000
8151
5196
8028
7611
7682
6653
351
2799
5538
8360
5277
8649
7149
1212
4555
3465
3936
5740
1961
841
6619
1097
7559
7000
7585
8073
5654
5053
6015
2667
2429
3970
7096
8117
5910
6968
506
3553
8587
6204
2641
7009
8603
9039
6043
302
8138
2739
4247
9443
2427
7198
831
6952
7500
9177
5164
9746
1586
757
6292
3759
4857
94
7730
9473
7729
5267
4759
9819
4754
6411
4602
1407
6669
1651
7395
8408
2720
8357
6048
4455
4002
2298
2822
3004
2550
2663
4743
1972
7876
1392
4198
818
3234
9214
1582
9365
602
8597
5062
5319
3892
3256
7300
446
3606
3894
7731
8112
5628
5757
3780
647
7558
6806
1943
7102
7112
4572
4457
473
6622
7626
9392
9556
1476
9990
5938
8612
6647
7717
4288
381
348
9219
8146
5088
1817
1560
2074
1432
6404
6408
7554
3853
2032
2037
869
2855
1396
8730
8056
443
5728
5603
586
8877
8671
7926
9668
8222
6764
7028
7229
6648
8311
3823
9859
4825
3875
203
3736
8921
5169
9911
6923
3739
3031
5074
6456
7244
7621
139
2954
4208
464
2789
4693
2060
512
8465
7547
7552
8351
4071
2446
5937
4470
5813
9485
5897
9384
4064
4913
5886
2608
6998
1296
8511
9683
7575
8658
6164
2021
5617
6585
8035
6226
5743
4541
5687
6598
2418
9909
156
8893
6273
6160
8130
661
1964
6710
7338
7386
3121
3374
6401
1738
7084
3080
8282
3386
2095
9870
3060
5893
4284
3026
5760
6973
8845
9729
7756
6128
6612
2829
4467
529
5958
1574
3636
5273
220
813
5429
5781
4280
4751
4494
2560
601
3199
7781
5420
5979
9483
3515
205
6570
3439
8913
6438
399
8627
3251
5590
2625
7944
2859
2618
6945
9053
9577
4707
8852
3078
6054
8080
6898
7706
6516
3989
8280
4761
7797
2909
4510
8044
7235
2357
3937
5479
5410
7121
4062
4431
4029
4902
4949
3955
1158
2333
2771
6515
5681
998
7557
8926
3721
4641
8513
117
6073
7732
4523
7844
9820
8764
6358
1678
6811
7258
4472
956
967
1717
5838
6829
7093
1249
9933
6098
707
9183
9456
2633
9863
2164
9767
1795
2350
8430
8209
6680
5075
4419
7281
3187
4282
2886
563
4118
5984
6689
3483
5359
5002
3348
4897
5132
123
4702
4122
6155
5238
1755
1270
2141
211
3167
9224
133
5784
1454
7994
6635
3861
9667
7445
9693
6231
2059
2321
1492
1012
4741
4307
238
9026
9938
467
8422
8973
8486
7458
2873
4600
3728
8399
9754
3266
2500
8559
5023
995
3242
4375
6335
5730
7245
3238
1402
938
5149
9005
6800
5314
2536
7432
278
2654
29
1101
2637
3530
3043
9680
9465
4126
598
6706
538
264
9786
2830
2987
3335
3682
6967
5160
4689
6063
2109
98
5882
6877
1510
4908
4717
4492
9463
6999
5425
2631
4803
2584
4372
4296
5258
4217
7138
3403
1951
1144
6686
3055
1041
6444
6668
3206
5911
7477
8712
2353
609
233
656
5867
4992
3560
4784
4786
9652
906
9528
3575
6679
5651
155
8689
26
8248
400
6395
19
4460
6524
7541
4167
2005
8573
2646
2395
3294
9244
3434
8844
7962
5136
9372
5086
359
3473
8371
8159
1230
2438
5140
2287
1524
9297
2917
8330
1770
1243
8027
4146
4274
1126
7354
3532
450
187
8440
5166
1820
9035
1886
6550
1766
605
5384
8804
1675
1237
6910
6161
1729
7591
9390
579
257
9153
7693
9282
6307
9784
8161
6762
7653
9401
7042
1033
258
3647
2546
2341
2122
9215
7330
3531
3600
9423
6677
7601
8496
3365
7187
509
1274
8133
8076
8227
4032
5762
4253
9988
9418
7551
3116
5746
9074
4737
4666
3166
7707
607
4639
5655
2447
4633
1350
5761
9110
5050
3854
43
2163
9259
3145
6664
3353
810
7344
5043
9637
3846
8839
1752
6191
5677
8656
9388
7905
4925
1046
33
8024
1070
2123
3702
91
4315
8509
6116
1535
1067
4231
4382
8452
2568
7285
5963
4790
9016
968
2048
3109
944
5278
8808
7573
9970
1360
7169
5947
9343
9945
490
3834
261
3087
2906
7672
4972
501
190
3684
5825
4796
2835
7480
7215
5225
4858
7124
4482
1630
3651
3072
3807
2757
4205
7176
2049
9704
1388
3438
8240
9028
2103
8997
8267
1291
4585
8366
7779
9126
4063
3175
1119
5666
2363
1063
403
9853
651
7326
8121
4379
4823
296
4212
9
9393
4393
1267
1865
7105
1393
3975
753
530
9270
1304
9061
1014
3953
5928
9196
2524
9537
6230
6551
2360
2248
3692
9470
2466
1509
9897
6538
7208
3296
3858
277
4445
3337
662
8709
2349
3458
3991
5645
6708
1011
2533
9842
3743
1102
6587
106
2277
5861
608
4373
8259
5108
6007
2746
4733
4767
8413
2012
9615
8717
4070
9963
9906
9598
8332
2370
9441
1290
7422
7998
6253
3066
3698
6136
3411
6126
4331
1266
2345
2299
8092
2067
963
7115
1001
3046
2003
1680
4519
774
1331
716
6657
4742
2734
699
8690
1405
4020
9565
6389
8420
6336
1409
2343
4527
5832
7824
6556
2257
4426
5836
615
3480
8500
4464
2506
4601
4310
3476
1526
937
8714
7753
4185
169
406
9624
4667
2626
2981
2394
9202
3054
8014
2441
6476
479
4584
5382
510
6961
934
6617
2408
5436
6629
1512
1447
7305
9181
7493
3192
5956
1487
8610
8835
2811
5512
9218
8552
1832
9068
1080
5734
5955
5484
8143
2378
4260
1547
4525
4539
9505
979
3893
5668
9036
1008
9927
5035
7222
327
2119
2322
918
3404
4663
4891
1455
78
8466
8582
3870
7982
2874
612
653
8967
3529
5237
3681
4447
3534
4735
2615
1928
8000
9804
9129
3648
8040
8359
5755
9745
3140
1233
6330
9679
9855
3643
1113
5725
6490
3462
3760
5329
1038
6567
2534
9285
6666
56
1242
7365
4880
2309
9568
1483
2754
1837
9050
9327
8404
7863
6867
140
8516
9844
7921
3137
285
7908
1427
2134
1147
7394
329
3093
6752
8141
2931
7059
8686
6492
771
5427
7566
5648
4943
1257
6803
5610
7400
6070
4258
6763
27
2130
4665
7080
7459
2992
9716
2386
1355
4778
4024
2236
2203
4538
2643
5071
1650
181
3572
6917
2702
7083
6409
5960
3359
1761
2555
6379
6262
1329
4435
5020
6523
1701
777
4169
1087
7878
9940
1639
6520
1722
6032
4376
8078
6956
1161
7899
6507
4077
4339
2437
8923
2982
8721
1194
2340
6283
2461
3921
9313
3667
1374
5517
9457
3345
7866
9189
2510
5691
3304
1066
4719
811
1428
8288
119
3382
152
4582
6584
7052
8154
9252
5779
6452
7437
372
4487
2347
2481
3402
3976
7914
8290
1387
7531
2552
2666
5259
1638
7924
2517
3011
6175
4311
4092
4646
7760
7202
7904
1706
1470
1640
7576
2834
3105
1098
2290
409
7341
6546
783
5920
8448
4613
7462
9713
3592
5948
2599
5821
9376
4652
5527
7027
2051
5916
9949
8132
3208
6205
2598
3081
158
8394
8145
1719
6006
7143
2411
2450
9003
6846
1398
6008
9867
4819
1679
1952
3415
2139
7425
9197
1606
5609
8964
2723
3848
9958
8362
2750
9362
4332
1148
3148
7861
551
9281
1667
4537
6023
5111
8285
8834
216
772
6745
1866
1649
183
2768
1495
4223
8741
4530
5307
5973
2280
1226
3675
5776
6730
116
4479
9150
3182
4863
8951
7414
3518
5290
5240
8936
189
283
3799
1988
7465
3216
3732
8707
5297
660
6432
4985
5670
8013
1272
4079
4995
2857
1561
4142
8206
8860
7332
9580
4959
5673
9298
5847
1269
5499
7471
7263
610
504
6062
8809
8365
8737
6143
1827
6337
2474
6934
6306
3727
5333
4183
6568
634
5379
2129
9618
9534
3628
6742
3426
9072
5394
9097
5808
8770
2713
1197
1906
3163
2616
1225
5896
4615
5878
7805
307
4884
1883
3237
1171
197
2430
9691
8139
6922
9257
248
9058
3657
4140
688
2576
9803
6446
48
1544
2807
8524
4675
4404
2264
5293
7287
6352
8849
16
2698
7317
1203
9088
3406
8344
1946
550
4720
6713
846
4907
7666
3503
7746
2187
9065
3705
8831
6342
3815
786
7881
4692
6257
6025
4391
8866
3509
4383
1140
3035
9653
486
3831
6565
5570
4104
3133
4614
1963
85
5288
6113
4497
8910
1389
383
1602
3922
5040
1160
8483
7003
4782
8295
7116
2177
2714
7783
1790
448
1165
5364
9747
6863
7171
8136
9430
6687
1465
193
7426
7391
8525
4921
2184
763
7129
4617
5968
4170
6780
1093
2161
857
8016
3794
7324
7835
7255
9847
7980
9585
8200
5637
3838
6133
6099
1025
7192
6911
4303
1549
2621
1353
9902
7433
5298
7055
3610
3950
8884
3047
6454
3177
8274
532
7857
9283
6195
6393
3960
2278
2816
7524
9887
6022
8708
4517
8933
7037
4395
3704
9489
8307
9130
7268
4962
6564
7676
6963
1615
9926
8982
1382
5524
3683
5353
6268
1138
6132
6390
3535
8891
5192
9326
836
3119
1498
8316
4042
1081
4180
8258
9188
6581
3356
9093
8565
3979
3252
6941
4193
8077
5378
3191
4228
332
7740
8300
9101
6431
8575
5084
4997
9207
9719
1111
1127
269
7935
819
6183
4629
1919
42
2706
1830
2927
7122
4932
3381
4037
8745
6554
729
812
5155
9980
7006
1214
6235
6448
1399
4734
2786
9127
9192
9076
6719
1163
4684
8068
3379
1187
7063
36
7714
9193
3479
2544
28
8373
4473
919
2285
3103
4023
2852
5901
1894
1436
4544
5558
714
9597
4540
1288
6736
6621
8895
7968
6797
2862
7405
5619
7661
6236
7355
6940
8342
6895
1996
9982
2334
7864
9425
76
8596
1892
6914
8066
8041
3068
5300
4347
3549
9397
580
7843
9048
3890
2070
5478
9796
8204
2045
1430
275
6599
1375
1571
9509
1822
8522
2963
935
3339
5389
802
1397
8083
9344
8918
5254
2690
5021
2367
4109
167
8915
7372
5523
4083
4983
7796
5749
7302
5294
8541
4824
4753
2063
828
829
8042
4151
2078
266
3629
1880
5753
2391
6391
2585
9771
4700
5232
9023
3158
6266
7509
6815
5621
5555
8087
5702
8698
95
2453
5819
9120
4360
6593
4488
1273
5463
1570
3781
2596
7212
6596
9379
4822
1236
2452
9460
1726
5940
6907
5582
1416
7473
3767
6428
8431
8090
5699
3239
1546
2263
5193
6216
6138
2212
7389
8676
6141
3244
6715
4254
3784
2436
4160
7283
4855
175
2142
4516
9168
9488
3391
8262
8626
710
1612
21
7724
6918
3232
932
8996
9601
7125
9222
8722
5233
6721
6450
2741
5996
5806
3173
8662
4868
5153
8556
626
5953
789
9274
5362
2635
4182
5549
8920
6885
9265
6580
2476
5022
3246
1491
9720
7417
3288
7981
5907
1775
9260
6166
2076
2875
6433
1202
7825
8339
7452
2468
8757
1977
1619
2477
8391
8583
3602
3034
798
9994
4854
3616
9454
5279
8046
2316
7975
2135
8169
3160
1301
2292
4171
3459
5295
9510
2439
2921
7671
4630
2572
792
7821
5724
1645
8484
597
8680
9895
9929
805
9067
3020
5471
9723
7204
1357
4323
4765
8075
217
6455
4003
1671
8817
300
8331
5816
1658
4016
4061
7680
9114
1860
6075
3835
6186
2832
7382
5770
3597
4075
2094
3700
3446
685
1390
8728
8425
2330
1429
4397
6165
1178
9773
9227
7634
6991
3398
4294
5597
3755
1692
1100
7679
9714
7484
7972
6799
3814
6670
1005
5959
8983
7603
5613
3656
3940
7952
5717
7290
458
6382
9762
4277
9574
2680
4219
3623
595
5210
5451
8338
8190
1356
9770
9983
4252
7837
8050
3789
4030
843
4762
9529
2352
1548
1306
1074
9111
2856
6826
455
705
9883
1686
1362
3676
4590
4945
4642
6996
9078
3205
5139
3701
5887
7685
9396
3706
5057
2979
2570
5212
2962
4264
3596
7590
3726
8555
2672
4562
2850
687
8418
2089
9780
6547
8536
2364
3453
5923
4927
6572
1309
1732
2605
703
9776
2271
9250
1781
3876
5943
6197
10000
5885
6084
378
5828
6044
3980
303
9811
1588
1186
2198
237
8463
6346
2753
1673
3442
8644
7936
5855
5125
3613
9647
9681
316
9845
1967
1215
452
9521
5299
65
1808
8652
4725
8636
7708
3788
2853
3901
5505
9316
3650
2281
7242
8859
353
7368
6614
2530
1418
2730
9331
5017
9377
3492
9660
7241
8872
5044
8784
5090
9974
290
2620
8070
8036
9635
7164
8569
453
9557
952
9125
1711
3478
354
3387
4188
4999
5341
1599
2556
4704
2419
1782
1935
984
6222
7722
8314
8091
9968
4499
4266
8518
1585
6531
9391
4086
2379
5430
5624
9287
2947
4189
4489
1601
3680
6069
6709
4139
8114
4706
8207
7413
6442
1108
6082
4340
6275
5531
1913
5805
1969
7069
8435
5096
9503
1122
9205
2865
5159
4119
2922
3230
5066
8682
3540
4648
4237
1190
3508
6278
3862
1189
454
6766
8149
2006
1035
2179
3779
725
1172
1408
5993
1551
5009
4049
8168
1433
830
1829
3441
4001
4113
6092
7738
4755
1841
4480
3301
9044
4278
1597
2487
3059
1145
549
7174
6276
542
6827
5593
5721
4012
673
4605
5787
6865
1372
7104
8873
3927
593
1577
6778
6642
5131
7014
2104
3716
8517
5767
3609
4805
3467
8653
8795
7600
3514
5957
2393
243
9904
6613
9491
7456
229
2825
6479
7231
3670
8115
3292
6791
1750
5133
6606
7887
5572
3489
3601
4141
5198
1553
726
1550
5001
8497
7492
823
259
11
2102
1326
7331
1864
7515
2504
68
8069
3614
8625
973
5682
7992
4756
827
4745
1907
9450
7813
3934
4934
8693
1056
500
9888
2999
6284
3494
974
8019
4465
8217
8576
7810
4710
9846
2861
2586
1970
6326
3828
900
5976
3591
893
3007
7056
5850
7637
4434
4127
733
8451
2718
8742
3283
2154
321
804
6372
6861
6947
5026
6992
6340
8004
7504
1330
5997
1626
6795
6320
1232
8744
5608
1363
1086
5106
8233
2819
8505
5048
9014
9830
4476
4496
6887
3586
4711
4682
2647
9985
1572
5894
1029
1009
1896
5991
3914
6891
4073
2127
7248
5535
8126
2332
3663
436
113
7686
8706
7058
8911
5371
980
4405
5688
3843
8535
8492
2629
7609
8460
2489
9225
5301
1973
1106
3774
4369
681
6196
7550
6754
5324
7015
1688
1720
2392
9764
8472
949
163
9818
5966
1327
7460
201
877
3190
8469
9826
7390
5822
7533
7119
8769
4764
4080
4836
9807
6627
7298
286
2443
7577
1275
8979
9612
425
2693
7165
4521
4914
6293
4660
7086
7065
8838
1422
4531
9702
1310
1318
3014
7839
2790
8326
7703
5544
931
9875
1088
3699
5539
209
6295
7406
5551
347
1271
7352
8655
46
7046
3620
7849
8532
7342
5833
9385
8794
7401
9689
4964
2736
2415
6685
4256
8236
6399
63
8372
5564
3909
435
3293
4511
7110
4295
1383
5631
6654
9540
2686
9132
5462
6746
2338
7367
6119
7463
797
9677
546
3450
6198
7246
1109
8297
4936
7384
4194
6840
5506
4400
3782
2905
6001
5804
4730
8901
182
433
72
3512
8648
8473
2769
468
2879
7047
7270
7616
9100
3790
8907
1627
5255
4204
417
7521
594
4923
6912
2632
8214
6487
9587
1881
6059
368
7807
6163
9854
6807
1748
3245
5091
8001
7016
4771
8467
3417
2777
1255
5143
6146
7206
3204
2808
1349
97
706
6671
2823
7907
4789
2117
9752
2920
9464
5839
8758
1504
5909
4326
5739
2153
9008
2801
3911
7748
2809
6632
6172
9228
3713
6950
6423
6148
20
9135
1579
6656
8585
2467
1933
8213
5370
568
854
6518
4184
1684
6740
9339
5778
8694
2448
497
8442
4093
2684
9651
7130
6869
4203
4163
4337
9381
3659
9363
926
9062
5216
7745
3299
1500
2442
1804
7132
6269
7279
3395
1256
4048
9697
704
2501
6662
5105
4290
7404
2748
6714
2160
5529
4903
5360
6199
4427
6243
939
129
7200
9835
6066
5422
697
3833
6208
4591
8060
9427
2376
3053
7293
6496
871
3071
971
3865
6925
184
2688
624
7912
7234
3044
3032
9698
8005
7754
3910
5565
5444
271
6237
1656
6607
4186
5405
3488
7457
7711
2880
8253
8703
8352
2283
7919
913
3355
7528
2602
2020
3227
7120
7709
7075
7188
737
9092
5515
6946
6603
3908
6673
2199
7704
1135
8198
2209
6626
6406
3106
3202
6825
3688
9178
3978
5844
2175
2413
4177
6641
6104
588
5534
1337
3581
4777
8943
9410
505
4156
5067
3574
7894
3363
7488
7266
5190
6734
5694
4308
1723
6533
2553
7743
3631
6030
9736
3409
8557
1983
619
8609
2293
4933
1616
6318
2062
6600
2583
6960
3639
1435
3993
2949
3935
2566
3331
3132
7320
3997
8385
2355
441
7725
388
9922
6102
5121
9610
5929
5457
4175
9761
6864
9766
3775
728
3714
5488
3200
3783
2282
2782
3436
1299
1984
9504
5146
1459
9081
8598
5507
4367
3912
9356
6646
2162
1836
8865
9569
8771
8530
3840
7264
5188
55
5921
4712
7196
1583
1532
7366
1920
6064
3323
1385
9838
4965
6965
9751
7363
5450
1156
3100
208
9594
5154
1073
6130
9850
4289
1503
7770
7792
861
3687
9924
9496
6837
821
4581
7403
9241
2399
9084
1378
936
1704
8480
8584
6028
8940
3757
582
6637
6889
4065
3265
5274
5845
4179
2375
2008
6868
73
3510
6101
2640
3679
721
7008
7147
2969
3373
1412
9644
9165
8785
9919
7275
3097
8172
71
739
9382
1469
6256
8814
4798
4458
6651
4461
5142
8566
5625
9795
513
6151
337
2023
5945
6838
9799
8321
4236
9501
7184
9609
2072
2308
5349
553
8219
6386
3161
2245
2589
7742
1085
6308
881
4887
4788
7379
5701
9449
8104
8039
176
6831
6193
7646
8551
1051
9186
1170
6002
5029
6483
365
7945
3573
636
5393
8195
492
5269
3138
8969
2707
3537
3370
5981
7802
6436
7191
7782
3899
5018
1472
1538
9975
4131
992
8411
1467
4552
6758
5773
5004
93
5445
9018
2759
1522
3028
1564
2040
6788
616
424
535
865
9299
7190
7402
9749
2377
5795
5526
3281
2328
8299
5041
1075
1541
1184
9956
1515
4895
7993
982
4153
1461
1647
3423
6052
657
3209
6241
4845
748
1250
8908
631
247
6610
3447
6684
6412
910
694
7697
1421
2740
204
7398
4724
2928
4047
7333
1648
8601
7877
6601
6287
3998
6374
4248
6380
8224
5243
1611
6170
2634
533
3696
6467
5548
3891
7466
4849
6879
245
6460
3144
437
9469
3069
2950
3218
7472
7358
1637
8912
4800
3519
8491
5615
9696
8455
9249
4218
2169
466
8419
1699
8370
5641
3741
794
2451
2250
2472
7761
8746
1798
3123
6255
3102
1614
3511
1677
6563
5513
9513
8789
1889
2348
7321
1376
6300
4301
4747
3795
2276
4442
402
5652
4748
5662
4554
475
9953
3302
6790
6038
5011
6261
4287
3154
4309
7411
5759
8925
8922
8287
7681
174
8977
4201
9348
6081
440
9686
9180
655
7695
109
7615
4389
9907
6449
6150
8278
6841
4533
2682
9411
447
1698
2655
3562
8574
4526
6853
3064
3678
6272
1543
17
5112
8441
4862
5260
4463
3928
74
9872
5181
3624
1173
2610
9515
8929
4791
4866
8268
6410
8470
5765
5249
4469
8727
4515
1897
498
3349
8783
1774
2047
1733
2742
1505
2989
8229
7232
6733
52
9711
4948
310
3213
7502
2459
5826
124
2258
9839
7893
7474
293
7630
350
6770
7916
4664
822
7655
8942
4366
3282
4158
9462
4968
7160
9778
2230
2508
7078
8572
9247
9187
6765
9570
2959
7257
8129
5733
7540
2562
9589
3155
338
2217
6660
518
8684
7126
3101
4164
5706
7765
6435
3257
234
1517
2986
2911
3048
7068
4570
7963
744
7482
1477
195
3073
8165
2717
142
9512
2988
5611
1989
377
2802
2762
9055
1633
1121
3645
1558
2273
7029
9769
6005
6282
540
5988
1528
2937
7915
7127
6652
9645
920
2229
8902
8780
3497
8862
8291
5412
9289
2342
515
7175
7168
9033
929
940
4161
9017
7483
4298
3886
214
9834
6542
8970
833
3762
3025
9238
6014
7150
3864
9561
3076
9123
3595
3385
6365
3487
9636
5229
6031
7166
7677
758
4221
1191
3748
1179
164
9272
9487
7180
8109
2301
5971
3669
3235
2805
1839
5247
3622
8506
5470
1456
9828
3802
3127
3942
702
7239
9733
1373
1536
6678
9560
2812
2024
5214
7859
1598
1224
5704
7806
2071
1342
7856
4810
3023
2607
6120
8043
8406
3619
9590
8738
7444
2019
8426
6179
8415
7108
1815
8856
698
1207
1516
2624
3735
1141
6177
9699
6757
7910
1311
9873
6536
9884
8961
1386
6171
7469
3694
4293
8160
8286
6939
8317
7020
2612
1078
5157
2689
1539
3496
6817
8034
1687
5714
7067
9133
5653
1823
2806
5033
7955
4916
9312
508
2656
7443
4338
7789
5437
6108
866
8939
2883
5172
2695
7218
2721
8691
7061
9840
361
7278
790
196
178
4124
8302
9057
8345
849
9582
9375
6323
2614
3384
4147
1623
9407
8456
5782
2244
7865
3291
8914
4507
1936
6508
324
7023
4222
2593
2708
7986
2286
7889
6517
9899
5046
927
2173
9646
3146
7716
7892
6203
3729
4116
8594
4559
9572
5068
6569
4346
2557
1278
4466
199
5863
9171
7811
83
9575
3165
2310
1703
1114
5975
7072
3929
3435
7099
7960
3796
6744
9523
2147
8023
2696
4621
5876
4368
253
5476
9728
2783
5403
5647
7495
6834
5786
6147
3229
7565
7089
1043
4429
9619
4651
487
7347
3197
1735
3809
5322
4977
507
5865
9116
7238
7940
444
1322
768
9156
419
3085
1780
5010
4105
3371
9094
5433
9753
8062
7035
4883
6541
4961
7598
5532
4100
8959
3879
6385
645
7969
4939
494
3695
7933
1499
2735
5874
1991
3964
5675
6304
644
7569
2651
3513
2511
2951
5950
2215
2499
8184
5177
4055
4802
1819
5415
6465
115
2380
1534
9104
5097
3091
6575
8558
1209
8960
5101
5104
6118
3300
8847
3915
9890
7409
7033
1317
9648
6943
7532
9405
3990
5162
528
9303
4551
4444
6503
342
8604
4374
2978
8681
7392
8990
7790
2863
7221
3800
8292
1609
6035
5932
5811
7478
3918
3708
9921
1047
5000
254
2594
3485
8247
620
3008
8341
8185
1004
1277
3058
2574
4273
4074
3752
863
8508
5065
4988
914
6549
3753
8493
1529
4321
8010
8713
9137
3474
2053
3211
391
886
7207
4832
8468
2275
1452
3874
7762
7237
9334
8186
3777
3471
4920
9632
6553
8796
2426
235
8531
7999
7799
4484
8119
1947
1130
4780
1743
9455
9852
6552
4953
5851
5202
6874
4837
894
4178
7159
8196
225
671
2957
375
3923
4392
3871
9009
1307
1037
539
146
84
9969
1253
6501
5385
4608
1239
8301
1315
2454
2108
9452
4067
7757
7670
3941
6753
4637
1439
2955
7094
2904
3151
7594
5952
9692
672
6058
9916
2083
820
2121
244
5338
5342
7249
8363
3987
2167
9642
9837
5881
1437
2066
4785
6856
5567
4740
8883
754
4190
4281
8824
4727
9319
2238
4478
1990
4951
6894
842
8759
2712
5709
7555
9060
2242
8944
9905
4963
6010
5533
7517
6405
9236
8992
5318
2743
6793
7024
8263
5712
4451
256
315
623
3297
2050
2025
5665
1040
1643
6630
3516
3878
1139
4354
2516
2535
8284
7073
8324
3839
3812
4200
5226
8089
141
4396
3344
2331
9765
2407
776
1216
4304
3285
3222
5919
1794
8447
3070
5908
6094
7107
7476
2888
2657
8482
8336
1451
3756
9152
5206
4820
6489
4661
947
9602
7747
3108
7829
4226
5674
4723
1747
1968
299
2317
9148
1670
2469
9118
6223
5622
562
5888
4513
8306
870
8502
4197
3820
1359
816
2185
2406
6458
7741
7306
3272
4852
5256
1060
9099
9280
6088
5491
1134
7043
2925
6712
1681
6749
1077
4643
2150
4034
2313
4475
6110
7397
5352
1530
410
7583
8084
2249
8547
6988
5854
7276
9943
4324
1941
9984
970
1460
471
5361
4853
7548
2916
6228
8829
7151
5126
1905
3372
8896
1635
9779
6310
8459
4082
1313
331
1693
7737
469
9519
6809
4872
1279
3270
4155
7858
6697
6270
8439
6855
6927
7005
9604
4364
2084
53
5751
6152
5308
3851
6955
9620
6909
9459
1032
8063
1867
3012
689
287
1031
5321
6951
5189
6929
1975
5685
3313
5630
930
3341
8110
3740
2359
376
9526
7769
4176
8903
2403
8726
165
3400
8174
6903
4168
5827
3952
8818
6260
2846
8264
6182
8542
7328
7505
7087
8521
4550
8157
8436
297
8991
1338
8815
2300
4446
6017
3433
2781
7325
6875
489
6777
6021
3644
9370
800
1744
2756
3236
4362
1537
8293
1859
6751
8390
8481
7683
7966
5339
8774
8855
384
6893
7766
3522
1246
8894
7113
4495
6985
3852
1520
5452
4919
9386
5516
4840
6319
3542
558
6548
7818
1622
9517
3963
5265
7538
8875
766
2176
8318
3135
983
1016
3974
5171
1838
1592
4159
25
7906
4870
8085
7826
3150
5577
9408
3813
179
4425
5853
3615
7809
3986
531
6810
2725
3850
7890
4483
5741
3136
230
6297
103
5546
1672
6461
9710
4750
5170
8756
9801
3336
9263
6190
438
5812
591
3816
382
4106
496
4828
9210
9641
2944
9373
6771
1176
7271
4721
5989
6095
5612
9546
3661
4053
6377
600
6682
5634
3829
3523
1921
2336
77
2137
491
5941
6723
838
7808
2579
2797
3466
1489
6833
6090
6125
6738
5486
7423
110
1441
6848
9166
5600
3328
2371
2872
3764
4238
4087
367
6693
9295
3916
5024
9268
9340
5485
2649
4926
7925
3255
5927
4060
784
1674
1740
4929
215
7895
547
8294
5710
7827
8026
5722
6325
1618
7274
1739
3536
9341
5718
9400
9676
6192
7289
5852
7223
8905
6957
1444
2303
3564
7361
559
9107
8201
6387
8843
2903
2473
9103
2274
6761
4548
3885
9738
7001
2091
2270
5118
778
6478
8265
6305
3685
3225
5578
5320
569
9815
9600
4174
7733
750
9144
2361
5054
7953
6371
791
6890
413
7256
3131
4604
957
7522
3179
1118
4594
5556
2390
6638
6978
9374
3030
6870
2996
2841
8137
3502
6835
5606
5870
4709
787
3342
9329
4440
3261
3094
1613
4010
2246
708
5510
6628
4385
6701
7310
5904
8801
8760
2180
684
1661
8958
2755
9787
9758
7170
9617
5012
4549
9437
2687
2295
1369
9091
5287
5431
3460
3360
9559
9105
1777
1965
5974
1666
9472
35
8867
3637
9206
7032
3224
1979
2833
6608
3427
4671
4152
4679
3207
3580
7081
7970
738
8478
8987
2465
2325
1059
6468
2344
5700
5977
2795
4399
8797
6902
1834
2464
8116
606
621
4598
5985
5343
868
7491
9276
2919
9825
5803
9726
1185
2845
6347
7019
2543
4817
570
8244
6972
2660
3413
6731
2351
1858
5635
951
7240
986
5708
4421
5034
5629
8485
1742
7438
5785
393
4363
1924
2178
2077
9139
2031
664
9725
6366
4148
5242
9279
6989
8309
1893
7641
147
5796
2685
1791
4343
4262
7440
8931
3849
3027
2155
7767
3130
1501
3589
7036
4348
575
8699
7947
921
1873
6519
3664
5858
5727
485
7153
8171
2974
6529
5492
7773
8700
2424
6351
4046
172
82
9364
4998
735
9915
3380
4014
7434
9038
759
1308
5626
7974
2475
5944
1064
3689
4094
1410
2939
9792
7410
9439
6904
7581
4874
6039
3340
5696
8836
6154
3635
3029
933
9639
9079
1177
7144
9011
806
8650
8008
8155
4904
8570
3841
1205
770
4112
683
5602
5402
9545
5829
3603
1925
9301
3971
9027
760
7082
8591
58
5251
3641
3392
3314
7563
5051
4133
5209
3994
7012
8298
9286
2815
2724
3303
4744
988
7319
2087
736
5972
5174
4267
5933
6430
7617
5599
24
5168
8606
2609
6924
7349
4245
4420
4609
658
7516
2896
1174
7280
978
2820
2294
560
9626
8750
5144
727
5659
6047
3457
4286
1594
8389
2013
7435
2227
188
9608
7853
885
862
4896
1323
7875
7961
1300
5769
2836
5504
2201
7958
6499
9678
9006
9910
9037
5266
4889
7145
9305
1024
9354
4749
6741
519
2383
5807
9920
6440
9989
7627
8813
7282
8776
5014
2860
775
5130
5735
8182
9128
7667
5922
7659
2761
4979
120
6545
6530
1545
1848
3550
4157
1213
1260
4673
1998
5841
2114
328
965
9700
6061
8501
2401
349
5151
5464
4351
6327
333
1762
6759
8354
9730
8020
339
260
23
3797
4576
8851
1902
4027
6688
5575
756
6000
2881
6698
1193
9394
2256
4486
1938
6475
1115
9267
9086
2085
2936
1128
265
7381
3658
8094
3673
2791
9223
8512
2638
1669
3765
5218
5783
6981
4647
9950
9790
7567
8368
4659
1199
7791
219
5156
4588
9490
1095
9213
2899
8270
4110
5030
6200
4705
2320
6462
9482
2813
1584
2595
1020
3050
3377
1262
6369
1737
6938
5884
3804
2946
1533
4894
1208
1057
6050
4318
4634
3159
2112
3309
9221
2491
2061
4524
567
3183
2929
7273
7640
8898
5376
4691
7996
5313
5305
8106
4173
5191
3250
4111
4793
4327
9369
9399
8549
9278
3075
1417
9987
4669
8176
9750
5138
9631
5598
4915
5150
3174
9715
2961
7759
1789
5672
5055
5248
999
7941
7396
1802
1993
4508
4355
991
5935
2898
5561
5501
1556
3822
859
8947
7556
3142
6573
990
3067
2623
996
6240
5095
1076
308
6699
2673
6181
8191
8387
4081
7038
7718
4149
9010
4433
3095
4471
7928
7142
1800
6189
5640
2289
5644
1581
9832
207
6577
1406
5487
3320
1241
2433
2591
9124
2268
1835
3967
9499
8312
844
6473
8281
3569
2580
803
8239
780
4873
9955
7786
9314
8743
6493
8663
9960
5794
5831
7360
50
1987
2578
7186
10
4575
6588
9741
5877
6149
6416
4775
2186
2619
2389
7506
4
9583
5732
1566
3551
1462
3157
3469
8289
7884
1506
4835
4353
6167
6888
6976
9622
2366
941
4121
8899
5351
5834
571
2189
4597
7712
5442
150
5823
9308
210
8494
9748
2483
2105
6729
5489
4676
470
9520
7763
7623
4616
4644
3904
2749
4335
6184
6111
2617
1240
319
5184
3626
5595
9912
2966
4553
8630
677
5261
8266
502
6900
4928
1036
8379
5695
7499
1150
4833
543
5194
9522
7584
1608
6159
5152
2776
325
5286
7938
7751
2650
2847
8489
7213
8563
9827
1872
6242
9034
3621
7582
3798
1903
3547
9817
7896
5345
8840
9861
8446
1090
5588
2784
8221
4225
7421
852
7224
5642
3253
3693
1494
3554
3642
2703
8210
8346
1805
9000
5500
7079
4718
641
5406
2058
4329
1289
7784
2221
6494
427
371
5951
8031
1824
1235
3324
8261
2073
4722
1490
5917
7610
9805
3771
3196
3772
1
5942
8230
4085
3407
1663
273
2445
5469
6447
5163
2900
5025
99
8747
9732
5925
8564
3437
3825
6145
5939
8310
8946
7388
596
4036
5078
6315
6711
202
5418
752
5369
8545
1415
5443
7308
2409
4900
5895
1855
1568
2523
8093
8249
191
1689
7631
4123
335
9544
6982
516
373
1710
3584
1023
6233
9347
9217
1646
1694
2022
4931
7481
6886
493
9616
218
2492
6769
565
2704
5758
969
3378
8539
4097
1079
3367
7602
9315
3824
6760
814
4150
6049
2007
3454
5936
5589
5543
5892
1181
585
4994
5596
7946
7798
1220
4019
8772
149
1879
8197
7834
8812
2994
9664
1562
5230
8162
7364
5793
8507
9849
6506
9735
9880
1664
1540
363
1891
2701
1351
1850
8581
3410
4211
3939
6645
284
8088
5185
8976
5235
422
5102
2001
3504
4129
6407
2405
5207
1578
1336
6822
8177
292
4196
6080
3649
3429
9866
6720
226
5900
8561
8325
1826
2940
6977
8308
1065
2482
6578
5726
7793
4624
4568
3215
1314
9211
6156
723
8984
6291
6650
6623
9928
3352
9477
3287
8833
442
6631
7226
9829
2140
2902
9309
1091
2057
3962
9798
554
887
7139
9530
9914
9087
6107
1731
7897
3305
2525
2760
6316
6106
6212
3792
4818
652
1219
1325
4622
3421
5179
3449
111
5383
7624
4220
1344
1400
272
1915
961
7739
3501
8437
4879
2414
907
9064
114
2728
7954
358
1709
9876
6935
1010
1347
6060
9497
7085
9046
5309
555
5620
1123
7362
3351
2233
6324
1644
9525
4320
2318
4865
3672
5246
7949
2694
4409
2729
8832
6067
3652
7719
1636
4611
8520
7867
9823
6288
5098
7862
322
6707
2168
2935
9448
1149
8396
633
5903
9307
4381
8348
362
3634
5386
2848
2551
4120
7852
4474
8704
9409
9237
5331
6219
5392
2434
4888
5340
9077
6169
2577
9882
5056
4522
4952
9986
9878
6919
6878
3633
1089
6079
5614
2136
1192
5250
7629
8181
9357
6873
9248
7497
767
3013
7470
1294
6700
8329
2210
5103
9117
1763
9203
4815
8398
4636
3538
309
8296
2600
1971
3919
536
3369
4136
1324
3276
6157
8364
4980
6225
9606
6252
4699
9022
451
8718
566
6332
9591
9999
3456
2915
1652
8202
1019
8018
153
3361
1958
3316
5954
9419
5738
9083
1818
3180
5073
7833
6521
2977
7951
9701
2404
4618
9417
1003
1768
8279
8251
8669
2423
3122
4993
8778
2010
2030
676
432
1604
1466
6083
3472
9831
9461
3787
8919
1793
8985
7071
809
3274
5027
38
9290
8333
7871
232
9507
9763
6486
5864
7034
8580
3746
3259
6589
6858
1446
5914
5365
9851
4035
5356
4107
6681
7546
873
4860
5082
8577
3468
9429
4912
5374
289
8548
4687
5424
1395
5467
6566
1980
4043
6206
3778
7197
3722
241
5390
250
7648
2907
2152
925
1676
8740
2597
3444
449
4328
7755
912
5970
7846
6851
5594
8666
9001
6333
4956
1321
3010
3640
2381
3924
3996
5627
2639
3913
3104
4556
8854
9020
135
8934
6329
8600
9481
573
3128
5868
8113
7210
8661
3212
5720
3279
5494
5148
3665
7723
12
9395
7909
1052
61
2796
2460
9154
904
6194
7580
943
8673
962
1218
7971
7752
5123
477
5275
6784
6388
8319
5234
6816
2636
2125
4631
8589
6396
4654
480
574
5799
3627
1254
1048
67
4593
1251
1912
8853
6843
5282
162
4114
9593
4210
1486
8868
8590
3946
416
544
1133
1945
5015
3674
7446
5222
9903
5583
6004
6215
4501
5158
3638
3009
6210
9658
4924
5766
6983
1856
5347
8178
8989
8878
3021
5663
7869
370
9722
9856
4827
7587
2253
6045
9468
9554
2410
654
2983
7201
4981
6491
6525
2767
7599
1425
9663
2549
8476
749
4017
665
4265
9659
7021
6979
8432
4235
5363
4068
3720
1840
1280
4244
7158
1868
3418
7378
9791
1914
3583
9403
7315
6571
1514
1909
6804
401
6480
3977
1668
481
3801
7628
9997
3761
5366
2960
7091
6512
4528
2444
3543
4108
8400
7250
9302
3539
2346
9306
5686
8888
8723
8128
4843
6364
9772
9793
5348
9476
4045
7415
3039
6248
4763
7455
6880
6604
130
5994
9493
2908
8567
3867
6188
950
8246
1117
8629
7872
1756
9894
1438
7840
4251
3773
9090
3017
9944
747
2241
4583
627
2990
6012
4216
9109
2188
3477
8906
8879
9900
7736
3037
8170
1210
8890
7519
8763
5355
8788
9959
3557
3582
5891
3506
8032
7812
4271
3507
1801
5525
7140
3598
3134
8140
8490
2400
8320
9822
8938
712
959
9614
137
5669
6933
1898
2772
5660
2099
7606
4950
6859
4732
3298
1166
5818
8637
3857
2727
1049
1685
1940
9506
3725
2374
252
9833
5085
2601
4439
6137
2995
6034
6221
5540
9640
44
964
3926
9138
7064
4181
386
3096
7048
3221
8739
7700
9255
7387
6026
6704
9695
8477
8127
8803
7467
3731
9474
2515
9886
9595
4314
7427
9204
696
9163
2490
7161
70
8848
2980
1206
1916
2731
7133
7880
1917
5480
5195
7885
1303
8711
6459
6618
1391
7141
7851
3368
6354
3171
1442
9813
3830
1370
1531
3057
1707
3124
3844
4115
4801
6750
8156
483
8675
8015
7920
6781
1942
5441
2810
1911
7544
590
3220
3089
4241
8243
2254
7327
2266
1423
7292
5413
2235
3880
7376
4432
7841
9891
4415
9445
7534
8927
8787
1605
2582
6134
8407
2402
8218
3697
9336
1900
1044
3988
1554
6544
3710
5175
9611
6785
2882
9547
2456
9438
7785
8935
9977
9398
6905
305
8498
8421
8620
8538
3793
8048
340
2417
9220
1620
1927
2080
7448
5713
2081
6356
6285
1778
7508
3366
312
9428
3424
5357
4044
3546
6373
4165
6122
9047
9508
3712
8409
280
4698
7057
4579
9802
9588
4739
6702
9996
8595
288
5315
6722
488
7051
2540
1944
4456
4243
824
3295
3164
8011
2372
8238
7800
6370
6966
6987
4386
7050
5498
2912
7911
7942
659
8340
2710
2365
879
8017
4505
314
4892
625
2174
222
8980
5995
6725
3231
6289
5566
4191
2207
9917
7010
4378
1293
5934
7510
2891
1954
2388
718
9059
5649
1784
8203
7525
618
5092
2193
9623
2398
6302
3889
9073
6207
5252
1715
3719
7689
7424
8166
896
5268
9212
8870
1050
5031
7031
105
298
4603
8702
1157
7691
5980
9155
1221
7167
4844
3396
7357
2219
7690
1105
9657
8313
4018
9201
7614
719
6774
9378
4653
2158
4041
5466
8928
9613
9149
7301
5771
5377
2827
5790
9721
5748
3425
6115
75
3419
7243
228
9383
6018
1861
8380
8252
9893
6913
9412
6836
8841
1340
1231
6964
9550
6238
6464
8619
5931
6824
4069
6343
6937
5141
7988
6400
8677
3170
7823
2111
9621
2018
2261
8276
9191
8374
6232
1642
581
5999
9760
5801
2932
7874
1457
3045
8315
8245
5215
5871
4518
3566
3389
8955
5006
2531
1348
7511
2362
3375
4128
6357
8096
3686
3260
1981
576
895
34
589
2086
8974
7561
801
7845
5032
30
2093
9579
847
7323
6636
3333
7353
3262
2876
2017
795
341
779
1518
3
9071
136
1099
3052
7985
7568
5128
1587
5244
3318
6482
8962
3718
4015
8081
9661
6661
7479
101
1354
8611
1874
5059
4567
4305
6053
9774
2240
1142
4982
6672
13
6378
2630
1094
8022
1404
9320
917
2302
8932
6743
121
5817
224
668
3077
9004
9516
5560
7111
5213
7183
2870
7589
9592
7663
1211
5058
2792
5902
7060
5417
3063
8957
3749
8950
2662
8807
6299
2068
9581
8791
474
2192
2998
905
3747
9451
9310
7673
4066
9511
7923
8102
7040
8608
8097
5843
3188
9292
8777
8065
8523
3193
8327
7768
9633
4056
9112
5448
6500
7109
108
9158
8790
8885
8900
294
1282
1683
4656
667
8231
7146
5586
3185
888
8072
4909
4838
6949
3872
8540
7295
9051
6532
7054
9108
4829
5388
5569
5409
7780
7967
6605
251
9479
9338
1712
9402
2678
2910
5639
7535
7177
6732
6772
2319
5434
4138
304
1557
9992
7734
6783
9665
9251
3618
8998
2798
4387
4500
8021
1901
5438
5899
679
7850
853
15
6611
2079
4025
6975
751
5330
5605
3750
796
2046
8660
4580
7828
8889
2747
7496
7181
4370
5664
5411
3061
6418
8457
4969
6311
2148
2956
6245
3065
2514
6776
5949
7612
9571
611
239
39
2567
4227
4746
4877
3112
4454
8981
8624
7489
604
3051
9031
5503
5703
6341
3201
330
4876
4752
5147
2237
6962
5310
8434
4008
1845
9777
8416
9089
4628
2675
2964
989
2518
5692
2885
9143
2671
4130
4688
2558
9563
6883
5729
1276
8401
7750
5113
2133
1028
4565
8827
3528
5482
8107
7431
3571
4846
8199
2867
7373
4407
9012
4233
2496
9879
5089
9707
3129
5657
4787
6737
4450
9500
7512
7359
4638
1746
9082
5326
2991
7277
1797
6425
7313
5545
6413
6839
2976
7251
8256
7393
1365
2015
9634
9232
7803
6414
686
613
7254
3818
3863
5656
2092
3162
411
7503
7259
1017
6819
5650
4716
8628
4134
9495
5719
3898
4058
3563
9146
7236
3307
4658
2243
1284
6576
8753
2509
8733
2486
7092
1217
3056
4416
7267
69
420
6420
8544
3033
6313
5397
7678
180
2668
8386
666
8405
6812
6695
3668
1473
7162
6558
928
6085
8328
9106
3088
3770
2945
2864
4971
4826
2255
356
7903
5401
4452
5873
2252
3786
9541
4365
5679
5830
7227
6277
7939
3744
9788
3556
3455
9162
2120
6403
3258
8458
6213
7336
9744
8994
7211
2326
5354
8816
8269
3005
2110
3362
151
4728
2039
9322
9971
2269
6144
426
9019
4563
5311
987
6296
1758
8667
556
876
3189
236
1297
5537
8443
4685
4831
7831
3277
1116
5848
8349
9275
8550
3754
8150
4350
9043
2480
5447
3957
4438
6926
7185
1403
1628
1992
5224
8120
5777
4224
6421
5587
3414
7772
6559
2644
2262
4970
1580
1137
7820
663
4954
2512
8810
7795
7592
5473
2744
5632
8272
5809
875
890
2432
1708
1022
3049
8142
4207
3821
9874
622
6481
240
5872
6124
2993
2869
4812
7252
1705
2304
3766
1700
2554
3776
6214
7883
9690
8103
7039
159
7997
3003
1488
8429
6121
2387
334
826
522
1895
2821
1247
745
7771
700
3463
3343
9755
5007
923
7976
8599
1617
213
5477
1345
6594
1754
8012
9843
9444
8988
4627
5715
5387
3981
6667
118
8986
6338
5453
2011
8670
6127
8304
2495
1464
769
8059
8234
4230
8701
1749
7658
832
6820
1112
379
561
1922
4089
7114
6692
7199
3995
5122
227
8941
1180
7549
3758
4680
8937
268
7855
3768
2938
7148
4731
6381
4514
629
3917
1810
6850
3452
5456
3860
9262
9629
1053
5986
1854
7318
2868
7468
7543
1809
9809
8025
7715
7527
3226
3826
3312
3662
3567
3526
5117
5693
8475
2665
8842
3152
414
6265
2165
7560
5496
9261
7337
9063
8953
1021
8654
8687
408
5161
4102
4132
7984
7654
9841
6078
2914
9538
9367
7312
6899
1607
7430
2166
4300
7351
7520
405
3982
5792
1962
3948
7956
5262
8705
7694
2196
6362
171
3632
6019
9040
1806
527
4202
6509
7374
7412
2997
8515
4957
9705
2934
9685
4946
9141
4984
4103
9596
8683
3172
5698
8058
9179
3461
5574
5472
8216
3169
7668
4901
3587
2965
4867
9650
9002
2745
8378
6321
9670
3280
2943
1346
3495
9638
9923
3430
5573
3405
8579
4005
2642
112
4249
6202
1424
9421
7764
1721
90
4645
2804
320
732
6209
301
9558
646
346
709
6735
5497
5391
2545
9957
345
6591
5680
3882
815
3399
4760
9085
6574
5840
6504
380
7418
6625
7744
8837
484
2831
8257
4906
6309
3855
9655
4313
9976
5110
5303
1803
8487
2493
9415
7131
9549
5906
5312
5283
7103
2260
8858
4232
7451
3440
198
9446
4697
8617
9145
4078
8639
2537
4272
5332
8514
5646
5127
9195
3961
2214
8765
1573
2658
8377
5797
8503
9935
2
4490
7588
7316
6009
6426
948
6511
6
9502
6218
5969
1103
7369
8158
3346
916
8131
4940
7647
7356
7660
9358
6328
2157
6953
572
5559
8488
1555
9233
6620
5636
8464
8995
7157
6415
2312
9857
161
8125
1978
5518
1431
8402
7311
1339
6294
3401
2337
8881
1877
8622
5
1659
9432
9731
8869
3559
731
7977
3715
4436
5557
5824
8897
3611
782
5747
6694
1641
4011
1843
7622
7498
2628
1948
6792
3983
7973
5186
8949
8668
5205
5137
2069
5396
889
1814
7514
4571
2676
7025
3118
5737
6897
7018
7453
4632
9096
6948
6920
5528
3630
4394
5802
5039
8403
6180
7041
6153
3881
8193
1283
1244
7485
1714
2733
1869
874
6997
6093
5302
4388
2565
1955
9925
7830
5272
9066
9885
9498
7562
407
8623
5380
6274
8427
2923
3660
1634
2773
945
4117
7638
3933
2849
7596
9871
9564
6756
4864
2794
7950
762
8499
6537
5070
9256
2648
1631
2279
1953
5671
2889
9662
8192
6349
9898
6954
2131
2887
7579
5003
3475
4875
3326
1196
79
4503
2842
4423
1379
5458
4695
7346
6748
4955
922
7370
7978
9069
6100
6915
3493
4681
955
6634
1480
4557
5541
5689
7814
3568
2590
66
5576
6932
3107
4869
614
7995
6077
9672
9025
3111
2854
8882
5835
7340
