6000
1228
2572
2639
1140
254
353
1769
4600
3093
3325
2749
5044
5949
2714
3841
2705
4153
4260
2046
5909
2814
266
234
2600
2062
1739
1585
4991
2232
1616
1115
637
4099
3337
667
1600
5219
2512
2966
5935
1248
5936
4390
4642
5129
3998
5098
3973
4855
3242
5437
3428
4737
715
946
5464
4809
5443
3689
5729
2498
120
881
3335
2107
693
4595
5709
4274
5016
4138
4712
1398
5337
3358
5691
781
5947
1832
1497
3545
3914
1416
5954
654
4627
3839
2094
563
5194
2857
1269
1065
1315
4249
2603
1706
2834
2211
5552
3178
2036
1819
907
626
2105
3924
4410
4370
2114
4167
3716
3462
598
1860
3217
4526
1387
373
5232
2103
5963
2155
694
91
2983
5445
5802
186
3270
5852
1752
4151
3215
1815
5678
4388
2442
324
4995
3772
5937
1286
4486
5290
2671
2324
3653
2829
2997
5644
2198
1646
5719
4843
2464
4539
5877
5652
5760
2506
156
4482
4598
2415
4895
5858
3249
1018
1546
4792
5099
4965
3627
5996
5974
5883
5829
5043
5271
4494
1591
4121
3154
2688
3372
1533
740
5913
5339
1170
77
4968
4070
1570
5973
5356
3887
3037
4398
779
1083
295
4981
4559
5060
4310
1914
4217
2928
4625
5731
3153
402
3299
887
5867
4407
2481
5751
3069
2233
2313
1617
2167
2999
2922
743
2962
4044
3423
2663
5188
384
3116
1188
2554
4035
2746
2502
276
854
5766
1308
3326
5834
3877
609
3938
1448
4960
1595
3758
4134
3824
2150
3248
1901
5379
3497
5768
4057
3452
4498
178
3332
4688
5314
4409
5414
2526
378
4024
1960
114
3873
2203
224
3955
5448
4563
1408
5591
4978
3687
5664
5038
3593
1919
5374
3705
4184
3356
5138
5064
5620
5041
1225
3179
1537
5527
498
3785
2973
2704
5886
1470
5744
627
1721
2590
3076
5386
2200
2613
3362
3255
3054
103
2661
2634
648
3450
2130
282
5658
611
5955
1064
431
913
2960
2420
108
4285
2080
5102
2288
815
4267
4148
5441
5948
5898
4129
936
1187
5841
164
3928
3235
1606
3780
4905
5105
1798
1119
2735
294
3499
3331
2353
2540
5077
3035
2161
832
204
800
1657
2610
69
188
4081
4133
125
4433
1945
1625
1028
4952
111
4032
821
1937
5082
1925
5426
3861
5687
5547
4909
583
1260
1122
2011
3264
3389
4273
788
226
2306
5860
465
2445
4885
1938
615
5718
2015
5292
5315
5243
2399
5204
2981
4892
4087
4916
203
5813
5231
812
2911
1620
5008
2658
2876
4332
2550
2296
5420
5112
725
25
1132
2371
1650
2069
3096
1912
652
358
520
3064
3683
4325
167
2965
5327
1955
517
5391
1306
1146
5707
4437
1422
796
3440
5093
551
4209
216
63
5991
5412
5408
823
2624
2285
4773
2730
3141
4552
1869
2393
4998
1147
5502
3225
2676
2017
514
252
4123
1027
4857
4611
4279
5097
4244
5895
5807
4049
5247
4657
3920
4143
1608
1208
4669
2544
952
4168
3617
1307
589
4534
287
280
3525
4284
1462
4307
2307
1386
3455
2179
3460
3948
283
1627
2640
3537
4956
4902
3329
3616
4923
3573
5086
1193
2851
4219
467
2152
299
5924
5250
5039
5050
4637
5150
4277
2471
5130
1609
4680
3622
1247
2412
3613
5563
1830
5532
2273
1731
4466
1078
4009
5783
3342
5491
4817
1534
4076
4793
5648
3087
2063
3370
1097
3349
4969
3159
4722
1369
4059
1823
5229
1160
2095
2305
5393
1519
1930
4551
4567
4071
1210
4304
372
2645
2020
831
4624
2383
1917
3109
2154
1565
5208
4185
2208
5765
4344
4228
78
3678
83
4215
2790
5147
1461
337
5223
5713
2786
629
4389
2110
5083
2049
810
1236
3496
1766
792
5460
5003
4231
4353
1814
5141
5120
332
4125
616
4322
2774
3406
2429
2106
2184
3541
5447
1234
2260
4939
591
2959
1443
5259
1089
3463
1310
460
3779
1072
5494
4675
1475
956
4106
5269
2908
3661
1743
5928
3992
1802
1786
5809
3097
5656
348
5827
969
2244
1499
4053
4379
2370
3660
2385
3180
2026
984
110
4326
1852
2188
2191
917
3682
3697
5052
2329
1857
5541
3241
1630
74
5184
3736
1598
382
4575
4788
5377
3754
2418
4701
1983
714
4349
3939
4740
3344
1437
2795
413
1680
3954
135
1010
148
5538
5376
5316
22
2843
205
3442
4834
4962
4860
2254
3620
2901
5516
134
3606
3904
5856
5480
90
3773
1659
4783
2566
2472
1392
5522
2034
5848
3662
2533
5282
1854
2949
1411
5749
4199
5836
588
129
5364
1100
763
1014
890
2666
2186
2008
5409
3595
1197
4604
4823
4645
5252
5908
1971
2703
4730
3988
4251
4476
2466
4881
2845
5907
4609
2033
647
364
2146
4844
1133
3766
3638
4846
65
3893
2303
1163
2520
3851
5923
543
4616
4678
698
4107
2261
4072
4441
3934
1787
1221
1314
3802
2872
29
4924
5268
1746
3628
5508
1093
5676
923
3094
327
1380
1840
1469
3065
4864
3644
1672
995
5027
2484
1200
5727
1890
2825
4687
2019
1020
127
3256
4542
4013
1044
1745
5425
2537
229
1724
461
2333
5521
4281
2234
442
3604
338
787
3122
2772
4160
1678
4489
42
2490
236
4516
3404
1605
5638
2647
201
4164
2351
2072
2005
5087
5358
4596
3579
3165
1947
16
4182
1471
905
5929
154
5468
2679
2580
1431
968
3530
2099
2896
4896
3567
4676
2617
5925
669
1349
5986
534
4573
198
2868
462
2321
3931
2482
271
4262
3298
542
3416
4707
3113
1101
875
2407
2000
3333
4867
1586
4415
3548
916
32
3534
1081
2452
2362
3513
4592
5773
4863
524
3516
5686
1127
2844
5977
424
3596
1544
1278
132
3011
4703
43
535
5113
943
4935
3940
379
1207
4128
3346
5680
1419
5556
641
1417
1458
5962
3813
4288
3909
1490
5787
3745
1583
707
4142
1615
64
665
3562
466
235
1782
4786
2204
2434
1577
1320
4614
230
3030
2475
4004
1442
3185
4508
5285
2629
1757
1143
136
1820
4458
4928
3312
2158
2172
4177
3631
4945
675
1435
1174
3656
213
2002
2166
2907
5752
2615
2947
2075
5712
830
2001
1551
1507
33
455
2123
676
3209
5599
2140
4789
3946
3832
2827
2350
2801
5797
1296
2016
193
5288
554
2732
5513
5847
5336
5579
4920
3991
4372
2437
5881
2809
5952
1665
1496
2104
4077
3871
1023
1272
4915
4112
1017
1232
2753
5170
2395
925
4015
5618
3891
4386
286
1171
3445
1850
3994
4659
3743
5079
5621
5350
5071
430
3760
1554
4590
5203
1414
3467
2144
5651
4631
5075
663
5715
3930
4891
2401
4240
2559
2248
2092
66
4029
1513
2378
4069
5499
1868
4101
5427
4163
5257
3162
3797
3025
2469
113
3394
3027
1906
5042
2892
920
604
1282
5010
155
2958
1555
2236
5308
5470
580
2082
699
3500
955
3723
5318
1922
1198
4172
306
2864
533
3776
2349
3218
2338
2886
2694
1635
906
5372
3152
4884
3148
4862
4413
4169
4511
1846
4429
389
5903
2596
215
2920
4838
5276
5478
1639
1128
3491
4412
5175
1931
3276
1074
3056
4028
5624
3268
3008
3023
4537
4735
4145
4227
2846
3137
3386
1891
4371
4052
2764
484
5732
516
5548
5746
2190
5817
3717
1707
1365
345
1688
1394
1359
1298
2826
209
2847
1134
4729
2454
1121
71
1686
3117
2601
2909
5230
2912
3029
2509
3563
5558
3698
5119
4039
3441
4490
5525
4343
538
5641
4204
4706
953
3316
5216
3807
4083
3501
3581
4761
3512
5070
3000
304
5608
537
4255
2612
4062
1877
227
1082
4632
506
4454
1538
4784
4990
3997
2842
1827
400
880
2456
1209
5196
3916
546
2938
914
5493
2807
319
1561
2789
1515
401
556
3376
2721
511
3592
3514
1503
2163
2796
1972
1564
5602
504
3147
4571
4424
728
3681
2024
1806
5777
2598
2643
140
1567
5619
768
671
1581
3465
685
130
1506
5152
3387
1273
2599
5545
836
1123
3778
5587
4856
4715
4430
3976
4294
3837
3856
5942
1477
4953
1517
4875
4544
1015
4564
5637
5140
5519
4334
579
4523
1258
1036
5694
3748
5085
4092
1524
3009
5435
2583
5503
651
3108
1748
3355
1224
4464
5793
1679
472
3138
937
5380
2956
329
5114
501
429
4791
5225
5605
3040
1457
1108
3219
5911
5645
5790
5023
2547
2021
5078
4898
3868
479
2217
5340
3434
411
245
153
4841
1046
3188
1434
5341
1295
4002
1509
4749
5604
3794
496
681
4241
4427
599
5946
3236
934
3569
5833
4820
94
3910
4798
3667
157
3553
2812
786
5530
1848
102
3761
3223
5510
4406
2463
4814
2409
2725
96
2553
5273
5000
4835
3126
131
470
2622
741
3632
722
646
5417
3123
2447
3258
1292
4487
1764
1740
3088
3274
370
2619
1498
5369
4668
5710
4984
223
2651
4051
1327
249
1256
1350
4699
4078
141
522
2138
3827
4617
437
4480
5692
1180
2939
3265
3990
3720
268
2792
4362
2556
1516
2025
838
4921
5693
1727
1325
1339
1091
4393
4831
3502
5091
640
4472
4934
1510
1732
758
487
966
4674
2391
5625
2692
1377
5237
1841
3275
3368
901
1138
1222
1951
4591
2070
2192
4193
3031
1932
1715
3951
5872
5878
1126
884
1294
2427
2491
2358
3063
3585
2642
2189
4993
3639
2339
5151
4450
432
2778
2322
380
3740
4765
4223
874
3495
3049
390
3517
1575
2978
3208
1550
2541
2718
4257
4641
5421
3112
255
3853
4041
3879
5046
733
4810
3345
2215
734
3867
1076
4713
146
381
5024
1479
2335
5748
5778
128
4008
3686
803
5398
4804
2153
3199
1986
2641
721
3823
1491
5446
3435
761
1847
1876
5892
4170
1284
4787
4549
406
1834
3400
2079
1689
4840
4985
1447
3282
3605
5176
502
4080
151
1692
4060
977
2793
4338
5306
5390
3271
680
4364
2239
4408
1801
5309
1378
3912
3552
2057
3883
3075
5320
1413
3407
1588
5812
2712
3803
2428
1875
1899
4518
5440
1110
4770
4746
1660
1038
4910
3819
4027
1949
1626
3993
334
1968
4513
5830
5136
2974
4734
2404
3941
1186
4708
5410
2895
4577
275
2488
5258
4205
2363
2505
852
1407
1658
3989
5135
2504
2018
4602
2899
5918
4126
2874
983
2168
2448
5328
1050
3932
347
1049
261
776
2142
864
5095
5159
1362
2806
837
765
5059
1013
5242
3599
3655
5581
4643
4405
3060
4833
772
1217
497
4927
4457
4626
5849
1077
2925
5984
889
4521
4463
4501
2573
5322
305
1215
4242
697
5515
1563
1003
4672
3339
5646
3733
3731
2684
5413
2545
735
1285
2762
4580
4883
47
5512
1511
2822
5217
352
2784
2627
3734
3369
3203
4306
1363
4114
4941
1129
4098
3880
5988
2906
1803
4825
842
1992
4426
3522
2240
1120
1974
1459
1569
5332
5921
4271
1835
5296
564
1299
4887
664
5705
4460
5395
1006
3190
4827
2970
3449
5345
1476
632
2891
3978
2356
1467
124
1466
267
5236
1532
1372
5674
4305
2695
5573
4845
2606
1969
2681
3925
2487
272
5126
3544
5299
2238
5101
312
409
2426
2455
5796
173
5576
3322
775
5763
4650
5124
859
2733
5631
2295
5034
574
2160
5133
5117
4830
3609
3763
3571
4416
839
2650
4799
3540
4105
4477
4011
1450
1261
590
499
4738
4692
2964
3039
5349
4670
5588
1305
15
3005
1618
1844
4622
4964
2815
4753
3220
5280
2127
713
2331
1489
3806
760
4124
2948
1318
4162
5659
5037
4615
13
3900
4149
3057
2869
3770
3042
2669
4837
1838
3310
5695
1610
5555
162
5880
5994
220
2648
471
5932
1780
1653
1849
3102
5774
5145
2027
1026
5559
3836
5613
159
2419
5178
1826
5755
1621
3958
5989
5874
5728
5689
2951
3693
3253
4383
3895
2741
4201
5951
3905
5454
2691
2287
3158
40
971
2894
2588
4236
519
4557
3034
1118
277
5660
1391
2499
3582
2515
2245
4297
434
3257
210
1775
4667
2090
2893
2
274
2180
5394
4259
938
1703
1154
4635
623
2915
3531
4958
1765
3186
536
2649
3151
4157
5069
183
3120
5745
5195
5666
2271
4725
2023
5769
3943
474
3155
1939
3024
4003
4507
2701
2767
5227
5789
2523
2586
1440
5118
3650
2441
3402
1252
447
1066
1738
2068
558
910
5987
518
5467
2177
888
2659
2316
4311
3845
5926
1336
2433
4800
2134
4872
3732
3640
67
5622
1218
1473
3459
5058
2250
5365
5065
1663
2319
1905
2775
3906
825
3177
3405
1776
3935
1194
3080
8
308
5300
5157
387
1230
423
2883
3285
1958
1662
3408
2375
263
4043
4794
1403
926
5128
1885
5805
4303
5890
5865
5226
5190
4085
1781
1137
3952
3849
4560
896
4711
3309
1632
5717
4868
5289
4589
3288
3831
192
2135
1973
5096
143
3701
2709
3673
1526
3448
4655
3354
4901
3597
2170
1964
5396
457
1670
1822
4747
4709
3390
1011
2850
1656
3975
1880
3156
2794
2467
4166
3399
3043
1772
3146
819
5562
60
5452
4337
1152
3114
1988
2525
2117
1690
1235
4503
4378
1774
619
639
2584
3315
393
3568
3614
4493
3507
957
175
1142
241
331
4636
1219
5636
2575
3272
702
3277
595
745
5324
731
2887
3578
5248
3983
3364
2664
3366
5684
57
4663
899
5200
5486
4802
2416
1109
5179
3560
5116
1590
5146
5132
3296
4207
1761
5725
4971
4579
2183
4132
3864
5211
2136
555
3815
767
3125
4033
5283
2706
1953
2835
1060
762
1423
1341
2246
5927
4535
1302
4828
3059
1297
1896
5161
5469
1214
85
844
2654
5063
1111
5214
5305
5302
1879
3118
3261
2750
5022
2118
2323
5233
1698
3439
395
2836
4491
388
4097
5897
1790
1920
856
2291
559
847
959
3247
5611
1944
4743
3303
4014
850
5578
81
1480
2131
3652
4042
449
5
4967
1622
5798
3699
2449
1753
3398
404
3134
4689
2690
2408
473
960
4509
1040
548
505
562
1216
315
1238
4679
426
3038
2942
5171
2571
5633
2832
438
5451
5177
3863
1578
4229
288
742
1720
3696
949
139
771
4197
2818
3091
1005
247
4154
1246
5172
4700
5753
3324
1428
4929
515
736
1250
4474
5950
4253
3881
1312
1566
2702
3829
1900
3130
2465
2534
321
4036
2905
5828
2047
5131
1494
3348
1173
4963
5439
4292
262
3487
3070
392
3297
1631
3240
4997
808
2076
606
1045
2013
4620
774
5782
3969
523
3804
1664
5073
2813
1048
5669
3583
2952
2320
577
4086
1818
4932
3107
1438
3725
4536
2171
643
4853
4574
4295
165
3363
177
3083
3888
903
5893
2360
845
5795
464
3013
4230
5980
5485
2816
3866
4017
2459
3205
3245
3987
482
650
3944
2381
2496
3214
5228
5109
200
727
5497
3688
785
2514
2539
1641
3642
1762
1638
2779
5979
3278
3509
841
3799
1202
649
3752
2646
5969
4022
5814
2195
2270
1037
4465
2878
1677
4159
933
3048
2372
3875
1300
4256
5422
302
251
5917
5359
100
1918
2888
4263
2067
2535
3713
1280
195
981
1619
4367
4750
5209
5961
5544
1094
3477
1763
4718
4780
924
801
2770
4947
2100
1661
3834
4448
1634
4785
3196
4308
990
4109
4811
739
2365
5597
873
328
5742
5255
3498
947
2945
1853
738
3589
5781
5342
2109
4517
3350
764
3828
3432
5388
4396
1487
5312
705
2724
1836
2222
2716
1520
797
4183
2994
4191
4368
3708
603
2968
3543
2710
5456
476
3857
1651
168
1025
3833
5505
36
586
248
882
2317
3250
3926
3429
4342
1512
4612
1759
4468
1684
1902
2053
3846
1317
4302
5392
3808
5842
3504
207
942
2495
5344
3919
3668
4232
5804
3830
4691
3192
147
2594
3972
6
2318
1323
2976
1725
4317
4849
5879
310
2865
4352
5463
3899
5939
1892
339
5405
4879
2406
5472
3971
2668
1597
2900
2147
5735
1805
4208
5550
3033
4467
4119
435
2087
3361
478
2781
4351
867
3750
2431
3685
5428
367
3317
137
4246
3908
2258
396
144
3942
1404
1979
719
2881
2944
4040
2478
1177
3305
5916
1934
2422
3403
4938
1744
4899
5577
2214
3854
3706
3726
5201
3712
1828
5375
4291
1183
687
4950
2929
4280
963
2368
661
5212
2379
2862
3202
4550
2882
547
2207
2859
371
1032
2799
644
954
3053
5089
3727
716
3182
5762
1859
2555
5220
4309
1105
355
1687
5301
1771
2355
3809
1277
5594
1926
2618
2493
3447
2252
5450
4578
5267
3106
2620
5738
1145
4438
3115
84
3360
678
52
4801
1406
3092
184
759
1644
4058
5348
2752
3524
3461
5943
5021
1623
4323
1259
3468
1521
3293
5317
3584
2761
5794
2461
701
412
2388
5442
3336
755
1957
2711
68
653
3610
4739
5685
2430
4021
5757
1237
2609
2055
4158
5329
3382
4355
2593
1952
2414
19
2980
5191
2552
3984
1553
4524
717
3135
1141
5771
2354
5582
5168
4330
659
107
2670
4505
3470
2800
1340
3211
480
3036
318
4803
5323
5972
2029
1164
1176
1933
1229
5149
1212
2699
2081
4282
469
1245
112
4211
2115
4414
4266
5679
2751
4187
1343
4316
3612
872
5362
2084
970
2028
2967
5574
1175
5187
5754
2567
5747
1760
3777
4795
1558
3787
1997
2729
2987
1593
3575
2804
2680
323
2875
904
463
2083
2064
549
1051
4425
5500
1412
2630
4504
5343
3488
2162
189
4385
4376
5583
868
1647
5595
5600
4623
3714
1485
863
3634
2279
1004
5361
2073
1557
4147
631
688
4683
3300
5981
5326
3730
2376
202
21
958
2975
3379
1708
2738
4693
1344
5706
2202
1667
513
1426
4391
4716
4719
4341
898
4225
4146
2879
3741
284
1424
4510
2687
4742
2782
3433
3081
76
5333
1800
5941
3079
2626
5040
5761
5914
4420
2903
508
4908
1799
1157
5298
2867
1842
2946
4728
4439
712
5882
293
4806
5585
5876
5156
3015
5110
1267
1987
489
1861
5406
1778
4192
3759
2438
2623
2971
1649
1052
3090
2943
5484
2494
945
5634
2675
4091
4661
2178
2728
1449
1713
4175
5504
265
1268
1729
2006
3206
2605
4318
5526
3602
833
3172
5661
4723
374
4243
3876
2159
2995
4989
4926
2054
307
4380
4102
1379
4387
4321
4752
807
3072
1770
3181
1624
1492
1528
1518
1311
2077
1977
1929
4605
5857
4745
297
5115
1829
3860
1355
806
2632
5575
4648
1472
2213
706
5321
4195
4435
4882
3260
4982
3273
441
5423
1389
320
1227
1358
5331
3490
3414
5775
674
4016
1873
1737
2608
902
4649
922
4442
1420
658
1607
2124
3486
326
2821
5047
4647
2560
3788
560
5820
1090
5863
985
1541
3862
4983
4478
5100
3722
1316
4673
2396
5202
4131
1995
1976
5363
3131
3981
3003
993
660
3471
662
3166
3095
2748
3371
5792
2061
2139
978
2686
2977
3700
1959
3658
4417
5104
2032
1883
5373
243
4531
3557
5966
3424
4873
2529
2417
4705
242
4313
2116
2435
1897
1053
3611
2479
1313
2345
2683
4248
1030
4484
2568
2485
2737
5806
2500
93
557
5192
2133
2342
630
4456
1970
5868
4877
1441
2181
1253
2727
1927
3694
3792
1935
3601
5853
3962
2636
5831
407
1998
4432
4298
1204
1549
4638
4359
4048
1112
2440
4717
5657
2742
5682
158
773
618
3539
3784
2693
4955
1695
354
1454
3243
3956
3121
695
1184
2759
4471
5998
4431
4224
892
4975
5571
700
3869
1397
692
3775
2916
2089
1059
4088
5210
1582
4483
88
5737
5643
5249
5418
4973
5845
635
4276
256
5990
3384
3046
1701
4110
408
1904
349
1878
5125
4314
636
3570
2611
2229
397
368
5382
1264
3483
5772
4976
1980
3021
3977
2262
3728
2275
1161
1022
4007
4214
3865
5888
1084
2988
1205
3409
3213
3936
2382
3886
5688
4366
2521
4345
2060
2510
4382
4073
62
491
1855
3798
2810
3124
2224
4894
919
4911
5346
2513
4174
1788
11
3704
313
861
2012
1150
3922
3901
5313
748
3014
2961
494
2937
1293
5084
5026
399
1573
4365
3603
3549
997
5366
2004
3890
4394
605
4336
4270
1923
4697
1683
927
1909
5593
5801
2310
1289
3586
2197
817
2848
4847
928
1552
2344
1024
3473
5354
2548
4922
1747
628
1671
3426
1673
3918
5402
1168
794
3505
2235
3254
5053
1628
3020
1096
600
5334
246
737
3561
1433
2855
4762
196
4727
1911
5246
879
4176
2325
5181
5002
2570
3911
3431
5999
592
3739
2003
4568
1114
1572
4522
3149
2531
5667
357
581
4755
530
1990
1758
2585
1192
3907
5975
291
4936
1395
5610
3150
5045
4104
1095
2326
3417
1898
5896
696
4584
5690
5483
4218
410
2038
1047
1702
3721
4628
451
4514
1530
5174
3746
1833
5560
4473
2336
4512
160
5704
5051
5870
750
4630
5584
2941
4937
545
2050
1390
2423
4948
2745
4118
1527
314
2278
2022
4350
443
1098
5019
4774
5677
2993
1213
3607
3229
2300
2096
5088
4597
1332
2715
3789
510
2044
2771
420
1483
1888
5338
5183
4030
3359
4188
5424
5106
1244
4122
3818
1400
4646
1991
1001
269
3482
4254
5056
4890
4996
4519
612
4607
2397
3444
5779
4010
4374
2227
5137
4096
5182
3289
2758
5127
1166
1488
974
185
4290
2507
152
4515
1612
944
4768
5090
679
123
264
5139
827
5303
5517
3979
1999
2773
3287
4994
2205
1603
4470
3703
335
1346
5785
941
39
5080
3949
751
1116
1594
61
1831
3283
4554
4732
5901
1791
4275
1178
1396
1750
1231
3314
3816
862
5311
5167
3224
4093
5894
5488
2657
4038
1182
1019
405
4360
3418
918
5764
3508
1710
677
638
2369
4658
454
5553
4315
3323
5668
2226
1035
1682
2838
3538
4397
3674
4848
2503
686
2798
684
5992
2132
3814
3204
544
4063
2266
2934
3294
5902
4733
2870
3945
2048
5855
3377
1401
849
3184
3520
5708
422
3280
2014
718
1211
5274
3995
4111
858
2953
1190
526
5067
1543
1928
3551
2264
4903
4399
4459
4815
3843
5822
1864
3143
4824
2989
3183
1399
4999
1041
1103
3419
1728
2458
301
333
3422
2885
4202
3212
1722
342
3221
2644
1540
5235
4347
75
105
4200
2267
3709
4816
4400
3446
730
2299
3738
2304
939
4594
5453
5821
2871
5580
1940
3480
4876
2698
4103
238
1508
2477
1301
1181
3892
2212
4428
655
311
2635
3357
5623
1825
1556
4653
5185
3546
1730
492
5294
4548
3960
2802
1009
2193
878
3412
3897
3144
4403
4775
2697
4949
4540
3783
1092
2880
5566
5711
2828
3381
4912
4418
87
3133
3391
3535
4203
2256
2527
391
915
211
3744
5018
5399
1596
3588
1711
2052
3666
4527
620
3267
824
86
5352
1633
2462
3718
2119
4601
2451
172
2483
5850
2839
250
1767
2164
5072
5528
191
1696
1319
4662
3805
1816
1334
2508
448
3556
82
5144
4900
804
1681
1410
5490
1668
4946
5700
2282
3262
5199
5838
3365
4180
1021
1086
98
5279
2201
5416
5957
3383
4449
834
1415
897
340
1810
1755
929
3047
613
218
3737
2301
1808
3019
851
2787
4654
133
1352
5240
3594
5122
3466
99
3313
2216
2576
2290
3169
5716
1601
1348
5740
2091
569
1107
4404
3710
1102
5459
1948
1342
4759
5213
239
1291
512
1675
683
5169
1364
1135
2756
4216
4541
2890
4533
5662
3007
4452
3099
500
1309
4710
4796
5665
2366
51
5245
2108
2400
4818
2863
4714
3850
3464
4506
3136
2565
4461
3045
1254
3608
3157
5415
1568
5905
49
3838
1069
5819
2373
4245
5543
270
4150
2897
1080
72
597
1812
5403
4520
4665
4023
5726
3343
4889
3171
3319
1
4481
3821
4931
2660
309
5501
1000
1444
1366
5158
895
3889
5906
3207
3523
5533
1191
4702
450
1418
503
170
1584
2982
5681
80
4779
3194
2253
3751
4778
458
3822
5535
5397
3646
1429
1989
3168
3189
3
5506
3061
4858
3874
2926
3769
935
1409
1263
5007
5628
1504
4782
5180
475
1376
5009
5701
1796
2924
4781
2165
4603
468
5840
4181
3397
1655
1290
529
1468
3878
3252
5586
3006
4222
4094
5723
5869
912
3786
3859
930
1016
5630
4278
4970
2137
1736
5330
3565
53
4724
3719
5997
418
4633
2031
5400
4001
5304
5370
5081
5193
1629
4842
1611
3458
1881
4681
5589
1274
5054
2984
4411
5381
657
2769
1783
4488
2524
752
5540
4055
921
4495
5985
5012
2446
3474
2581
4269
1070
344
5596
528
3695
2058
732
3747
3320
5640
2389
2041
1361
3266
5945
3353
122
5900
996
2228
1367
1206
2898
2587
70
670
1560
5714
244
5617
4485
4113
1985
1155
5121
1131
97
4760
3564
5824
2444
30
2516
5251
2386
3677
1733
5825
1587
1474
4565
1106
1872
4019
4651
4301
962
4250
2174
4213
5284
3478
2402
2921
5629
54
2492
1756
4050
4940
1545
3469
4500
3590
1162
2511
4261
585
621
1371
2085
3702
820
1124
2125
3089
4068
3269
525
5750
3711
3284
5983
5015
965
795
3965
2913
5253
360
109
5295
3161
2473
4235
488
2102
4293
4767
3566
2914
4861
5940
1523
115
4299
1241
2039
809
5995
1571
3176
885
5557
2918
4206
3074
3577
477
805
55
766
4074
1866
5810
1478
5368
3519
3238
2986
5432
3559
5111
3615
4419
857
3226
3742
56
5730
1304
3735
3554
2614
1718
5031
278
5001
3532
4677
161
1357
92
1382
2696
2145
5476
4005
5265
5474
4558
2998
3872
846
3917
989
3306
900
3957
3100
2390
4082
5885
575
4954
4878
1029
576
961
4777
2723
1807
171
3476
1691
744
3884
5875
3690
214
2045
5933
2734
4375
2468
4854
4198
5967
3066
5960
769
3084
4120
1159
5780
3067
5218
163
232
3756
5887
330
4115
2803
385
176
1455
4156
2840
3529
2394
1751
394
3222
601
5655
883
753
1354
950
1580
2148
5134
5198
2542
4037
3195
625
4832
37
2309
1288
4529
3295
4917
3947
1113
4904
5818
1685
12
5123
3503
4886
2819
5663
2501
3484
5013
2910
4869
2856
3921
3210
4237
1576
2685
4961
433
4942
5419
4776
166
5511
5733
3082
2086
1962
891
5614
5919
986
799
1975
41
5030
2726
180
3558
2302
3643
3050
2713
5930
5642
5791
5978
3485
4079
1636
3967
5272
3923
1946
816
1007
1075
4640
4152
578
50
4986
5803
645
2861
2820
4469
1136
1370
3820
3515
4196
1353
3755
4690
1742
5411
1185
5572
4265
724
1482
2411
1271
1777
553
5429
5057
1614
5020
5565
2667
2332
2720
1908
208
4880
1907
587
829
2877
1669
351
1887
2592
754
4451
5844
3077
5531
1421
3894
4613
1693
2470
818
2277
359
1322
2783
5626
994
3629
2093
1529
116
3950
3436
4569
2078
4919
419
1966
4054
1735
3374
853
2579
3542
4694
2902
2352
5823
2182
1226
610
2059
233
3574
4141
791
483
5205
5107
3707
3173
5767
2940
3659
174
4443
5561
2364
2561
5736
1276
1333
5094
5029
4756
1087
303
142
1079
4331
2173
4272
1779
1839
673
4553
871
1943
4684
1794
3826
2098
3637
4475
1405
2530
5062
1903
3791
4587
5889
2889
1824
5703
121
3472
4874
2992
2143
3621
4918
4769
1817
3896
5353
3796
2927
4000
5173
325
1393
5649
181
4925
2823
1436
5647
1723
1965
2754
940
4562
4888
4836
1493
2405
3132
2439
5534
3767
572
3651
456
5758
1602
932
1921
3105
1446
5826
594
3715
3665
1797
3801
2387
780
2042
4807
2932
584
3073
527
5032
3392
27
3104
4369
1954
5465
5385
5449
1233
1613
2274
3004
3380
3234
3964
1717
5786
5529
3902
5142
3239
682
3281
2359
3576
1465
2121
18
4852
3318
5839
3421
4319
2230
3852
5721
5546
3898
1451
5993
4698
415
2129
4914
3187
4666
5061
2196
5477
2963
225
221
20
4026
5603
1033
4865
4546
1203
4220
1843
2206
3657
4757
2357
4348
2591
3475
2294
493
5654
5074
1961
2101
4025
5384
1144
573
550
2652
2765
240
5239
5325
1674
4075
2330
3550
3518
2682
5675
1804
3437
150
104
2286
1255
2604
634
4226
5367
34
4252
1055
2797
5699
1589
5153
1375
5033
1789
3870
4137
5458
5615
1328
4944
747
4619
5592
3328
1324
4377
840
2808
571
5920
757
4402
2443
3672
3086
3321
38
2276
2009
2398
5197
2247
445
749
481
2241
1709
2546
4744
1640
452
2259
2113
3347
3119
2569
5148
4610
4555
375
4736
1125
179
4695
3855
4608
1368
4
2480
1199
1326
3051
4361
5551
893
1522
2628
5495
3953
1130
2384
1460
4771
531
1430
2308
5509
5788
3291
2231
1648
2374
2361
290
1279
3641
835
4333
4445
3676
2625
1287
4731
3774
2985
3307
3506
4264
4300
3228
5523
5759
1117
5431
2736
5378
2410
1773
1863
4634
4161
2293
5241
3664
5482
1262
5910
1982
2175
2328
3052
3691
2292
6000
4656
206
1700
2602
3929
5743
1950
3160
5017
2340
4556
5444
5222
5006
7
4980
3675
182
79
860
2564
5254
3016
793
1243
2436
607
5438
5489
2637
3308
4576
1502
1562
1068
1865
1331
194
2824
5635
2347
5055
2563
566
2766
2551
3800
980
3528
5224
855
2852
5263
4570
3670
2740
5965
1062
4581
593
2377
31
3825
3493
4790
1165
4664
720
45
2421
3251
979
2149
3882
4320
3128
596
4283
666
988
1574
2120
1811
4805
377
2474
4748
798
440
561
1809
3401
2187
2672
2841
4629
1994
4751
1374
1251
4423
3197
3101
4173
4084
3479
4821
5455
5207
4233
5221
4356
3812
3764
3526
1535
1500
2549
5471
1031
3679
1242
362
3999
2972
5389
365
3041
3961
2424
4221
3058
1716
5287
1784
1862
2380
5899
356
1495
17
3591
4296
3753
1335
3847
459
992
1373
2268
1559
298
1592
3085
5407
2257
1542
2071
5873
876
5672
5931
3684
5598
3810
2040
5720
24
4850
3619
948
5846
5048
5256
4808
1539
1329
826
521
2578
281
2760
3795
5832
2930
4384
439
5776
3330
3415
2574
5025
46
289
4189
322
3032
4644
5238
1579
1195
366
3654
1984
4447
3986
1704
341
951
2141
2343
2043
1360
5539
3103
869
4618
417
5815
350
2788
3286
5347
212
1525
4822
3598
59
4247
3026
436
3959
1034
126
4720
5357
3010
4979
2157
2854
3966
2979
1002
5371
5307
1156
4583
2314
73
3968
3388
4951
4392
1151
3933
4462
4812
999
1039
1139
2327
197
4327
532
3985
2677
1484
3327
622
3263
1338
5108
2156
117
2933
1464
5293
1283
5851
23
2219
4813
3555
2112
5014
3663
5286
1281
2367
5542
363
5244
3311
5262
5310
3012
5518
2074
4210
1792
4238
2128
10
5479
691
3373
4870
5702
2194
3341
790
5835
3527
2747
5475
3301
1699
2249
4987
3626
3580
1486
5498
2833
2346
4913
982
2284
1645
5843
187
4395
3671
568
292
3762
3927
490
2577
1439
5387
1637
3729
1871
5569
4190
2497
2678
4930
4346
3811
2780
2348
5971
4721
4171
89
539
1942
4621
2536
2272
822
3338
4682
2169
5404
4839
4136
4289
3842
5011
2831
1381
1882
782
4959
2638
273
4444
3790
5473
3200
802
5166
3174
1239
5234
3110
5612
285
689
3982
5564
5524
1726
2051
1240
5811
3022
4851
3420
5616
5741
3198
2719
2849
1073
5537
2281
4933
4528
5650
2990
3375
5206
1012
3489
2662
4992
5401
1347
5671
2392
2403
3623
4178
602
866
1768
485
5871
2337
3098
1531
3768
336
3227
656
1427
2653
2969
1714
4286
1536
3649
4977
5360
3915
2558
2817
4065
1220
219
5066
1548
5670
828
4045
3017
4704
5864
541
5554
2957
2755
279
3232
2931
5496
2631
3844
4829
2858
5722
2251
5912
5861
3129
2936
1008
4401
95
3175
4340
4532
2923
5837
4363
2673
1179
3782
746
1967
4020
4056
976
4499
3510
2413
3587
3393
2126
813
199
5215
5335
1956
3002
425
5281
909
5549
5800
3974
4312
217
300
1099
3443
138
1813
3492
1705
2768
2830
1270
4354
3078
1501
2312
2904
4155
2010
2221
4186
1201
668
4492
3055
848
5036
908
4652
3191
2656
4497
5160
5627
3140
2811
1916
2030
5953
703
4455
5724
5734
5319
3635
3411
2866
5770
4586
5799
4453
1061
3980
4108
4381
1249
5004
3481
4758
2954
704
296
4212
3244
2519
3001
4606
3304
3781
2223
777
3231
964
2088
3302
1642
991
1196
2283
1042
2595
2689
1821
729
4696
2860
2269
1463
2450
5968
3071
4763
1043
190
3817
2950
4907
2743
2334
2744
3749
1654
4358
4893
416
5155
4031
2777
1452
446
4525
386
5859
1936
2633
2538
3068
1402
5590
4046
5270
1275
5683
2453
3633
3378
709
3237
3835
4496
1981
5355
2265
998
2176
1858
2111
2722
4566
1356
2066
3547
3903
770
4588
3334
4139
1432
2785
106
4741
1870
778
253
3139
3410
1697
4772
4140
5567
726
2243
877
119
5430
5275
784
5005
3127
1149
2708
2151
5653
2237
1384
2543
2763
3044
403
1666
5866
5143
2655
369
565
4436
5068
2557
28
3913
3454
2991
5976
5433
383
5698
3425
5959
2056
4502
5436
911
1351
3765
5697
222
1063
2739
5808
789
3062
2884
2776
4572
1514
1088
3451
2518
4754
2528
343
2562
1057
101
44
5165
3996
5607
2185
228
1915
1383
3352
1741
710
5277
2674
5028
3793
3453
1453
4089
3201
3858
3290
3521
1425
5915
2919
5514
1795
9
5461
4135
3246
2955
5492
1167
540
3630
1845
5092
4943
5049
258
2607
1910
3600
2209
4373
4859
5434
3145
5854
2341
617
5351
509
987
316
3259
4421
2476
5164
5904
4766
4582
967
2621
2097
5568
495
1785
1505
3018
1924
257
5673
3692
4095
2616
1793
2532
3111
2225
2517
376
4066
4966
2242
4671
4165
4034
870
1071
5884
972
398
2298
5291
3028
711
3647
5696
4179
1604
1148
4660
5520
1643
894
3396
642
5756
1265
4543
4335
4866
5487
3771
4268
4593
2035
4258
3636
4685
1303
26
3279
1941
2757
5186
169
5162
5462
3233
1189
4116
3292
1867
1694
3164
4639
4988
5784
1266
4064
2522
2220
1169
1153
5457
2007
3367
427
414
346
4144
708
3970
3757
1158
3438
4090
4067
4329
3724
4357
5632
4234
5536
4006
317
567
2589
2210
1996
1337
1172
4530
1067
1321
1085
2935
5639
2489
614
5956
5154
3216
975
3193
2425
5266
2432
2597
507
723
5891
3142
1963
2700
2199
231
5938
1481
4906
1388
1223
3645
5862
5609
2457
4686
1652
1456
4287
5076
843
5982
1893
3669
3937
444
811
5958
2853
3885
2717
931
4826
1837
2122
5278
4545
3170
5964
1895
2486
3430
4819
1385
5481
5816
2255
118
1257
1345
1719
5601
2460
5260
4194
4561
3840
3163
1749
1676
4440
3536
361
5606
2837
3456
2582
1913
1445
1889
5297
552
1058
5922
1884
4018
5944
672
4239
2037
4434
145
4547
4974
1056
4061
1734
4446
1851
5466
624
428
3680
2873
5103
2289
2731
58
4130
4479
35
3511
4797
1856
3533
3572
4339
4328
5035
5264
783
453
2996
1330
3648
4726
5970
5163
5189
5570
2263
3848
633
4897
237
3624
4127
1054
2315
1886
4871
259
1547
2805
2065
5507
2707
421
4585
2917
3385
570
4100
4764
582
1993
4957
5934
149
48
3413
3351
4972
2280
1978
1104
4599
4422
2311
14
973
4117
3167
1894
608
886
2218
3457
1874
4324
3963
260
865
3427
2791
3395
4047
814
2297
486
690
2665
1599
3230
756
3340
3625
4012
4538
3618
1754
5261
1712
3494
5383
5739
