6000
5231
2529
3246
2126
3011
1357
4495
3480
2598
5220
710
592
4733
220
497
3124
2266
3786
1844
4424
4135
1288
2960
769
2713
5433
4059
3164
2137
5379
3982
5621
1283
3569
2736
3089
1714
5285
4441
2535
2933
1879
5280
4716
291
4058
1960
2489
3224
2390
467
4079
4726
3711
329
5969
2392
3372
2813
2859
5466
3499
4498
1719
3838
4096
1968
1647
4788
439
5181
5881
3898
2815
4908
1598
4526
2374
3260
5084
1796
2832
4894
4649
4712
45
4467
3843
4840
1153
4800
2888
4119
3883
1756
1406
1055
108
4412
49
1372
3503
2608
4653
2783
543
3052
1309
4217
3232
2516
4563
82
4708
252
933
1260
2013
3578
39
930
1901
3593
5167
300
3622
1923
1947
3740
482
5876
4069
5113
2221
3922
4060
4186
5674
1851
1224
5556
2262
2990
3785
3222
4568
247
134
65
5149
4293
1519
2761
2698
5765
704
3241
5529
4139
261
1602
50
5209
3559
2071
199
1499
2360
5268
4504
3065
4195
2167
877
2428
3565
609
3829
3169
4472
2333
4438
3543
16
2795
1130
4606
4251
3486
5567
2537
166
5767
5773
2796
5732
1302
2030
3939
1919
66
3737
5166
5431
1290
1135
3476
3710
5712
667
478
4013
718
1123
223
4092
1917
2652
1278
3365
2273
2583
4411
3099
4446
1547
404
5011
5171
4600
52
3496
1144
3185
2194
4259
2448
5041
2508
560
1120
4968
994
5797
1845
3488
2572
5329
5208
3264
2277
1748
1498
4097
2896
4773
4388
814
5456
316
3032
2491
2555
3877
3780
2656
5375
1942
893
2741
93
5691
2688
4371
632
5727
2682
1709
5026
5631
1293
3090
94
352
442
1340
2880
5406
4713
980
4362
430
1862
2665
207
2604
177
5710
4227
3587
951
2580
2365
3266
3041
151
5417
2253
4095
3509
2973
2239
4855
1523
3581
1566
3212
144
3389
2179
793
4635
2752
3865
3709
3986
4053
75
2457
2356
5533
3144
3033
5772
5016
5761
4288
5802
2630
3427
5593
968
309
4626
4901
1175
986
5179
3251
5428
1361
2055
5221
522
4924
4395
966
3063
1349
945
3430
4401
3839
568
98
224
3965
4404
4390
526
5497
3931
1513
5508
5196
3961
665
953
836
35
547
5982
5653
4022
4345
3629
5779
246
1971
1241
1943
2351
5010
4844
5610
4000
4240
1393
2854
3756
172
2168
3049
2350
2712
5803
5988
4688
3286
1789
3857
114
5974
1920
2869
1426
5750
5498
5713
1374
911
1885
1747
1231
1418
2777
4885
1471
5359
4303
5799
4770
5437
4553
2177
3968
5347
5198
3573
871
3585
3431
3613
5769
1360
2191
3280
2422
3978
4190
4213
3003
2619
3887
4272
4529
58
4880
3202
1872
2809
1603
881
2791
4761
5506
5340
2900
2152
244
965
5346
5293
4781
1861
1691
5910
367
219
43
4336
77
4364
1147
2879
4729
394
3300
4344
2850
3096
3081
277
4572
817
1613
5652
1162
857
4044
2178
1631
3901
2475
4946
1864
4250
3057
3656
1869
5270
1710
1401
2799
2209
5641
3739
4834
887
1027
3987
3267
3497
4658
2103
1557
2022
5378
1424
3028
4933
1950
2495
1396
2637
979
750
5053
5550
4403
5753
79
4244
4430
211
2768
4530
724
5792
5203
301
5855
4475
4375
901
305
5005
4270
1128
4980
2363
2939
2200
1812
5725
1034
1687
524
862
3485
5003
4938
3745
5168
25
5551
4159
2527
1535
2107
1643
3538
1061
3518
2147
1522
4263
918
3453
3567
181
5840
856
4692
1926
5411
2782
1892
5675
1093
5864
5148
4765
5877
3525
1811
5423
730
841
2383
4615
2999
617
4818
5762
2064
4889
1053
4686
2982
1657
5886
2757
222
1549
5405
3305
5348
4189
2447
1570
3907
387
4377
3130
4191
3022
2145
84
4032
1318
4153
883
4084
4951
5393
4955
1001
2724
1416
4556
1161
3352
7
4439
805
3932
5090
3841
834
4679
1257
3671
3162
1881
5
2244
4959
2035
4170
5639
1560
37
279
3204
2817
4151
3604
2251
4354
1554
884
3027
5620
14
4453
4410
5122
3914
4400
4175
1392
4810
46
5844
3644
366
4669
802
1226
1405
2886
1829
943
438
1102
4964
5439
2330
4426
5486
2406
4802
2624
1217
3193
4282
1080
1262
1576
2263
621
1699
5535
1223
1913
1783
2247
4957
1936
214
5964
241
4927
4433
2176
1967
4221
3526
1492
5143
644
4801
5960
317
1769
5580
2837
1042
2385
5649
4742
3823
4576
2914
4019
1325
3867
1306
5872
2932
5915
152
1984
399
1279
5503
3547
5671
861
711
4602
2742
5734
2658
3104
2242
3297
4596
57
5395
2237
576
221
5183
2706
8
2946
5145
5604
1821
5515
5709
5878
5088
4380
5452
1158
3771
4454
1778
2092
993
1534
3371
3909
5155
2378
5144
894
588
4417
2942
1054
5835
4129
5207
5343
1205
68
2401
3068
9
1399
5374
4224
1252
5261
1138
1661
4837
1163
2275
3311
3990
382
2025
2600
3462
4633
2127
5354
4131
540
5946
3346
2490
1024
3651
4398
2318
4249
3592
2017
2021
4278
3478
136
161
5998
4243
1601
5516
1200
5518
3579
923
5716
2966
5861
4312
1421
471
2927
5808
264
3006
3422
1198
1577
5397
1256
3129
3564
1548
920
2150
2086
821
4225
2614
2692
1255
3903
4945
5818
1803
88
3690
574
4875
3168
3445
2647
1746
1586
948
1624
573
3550
3933
2517
4559
2119
2211
3410
2578
2163
4279
5320
5363
335
4329
2198
2961
1478
5637
3795
3595
4702
2382
833
5780
3520
1415
3428
386
100
1050
2075
5892
3055
3758
5096
4100
92
2399
3731
2640
62
1108
1430
1793
4597
4565
1980
5796
3304
707
2617
768
1506
1366
904
912
589
4523
2626
4004
5102
5661
820
4041
341
3817
4027
2148
4038
4187
4603
731
371
5055
1739
232
1115
2286
454
5048
2998
2794
3249
2621
3678
734
5288
5770
4715
3447
1116
708
2860
1031
3335
5093
5665
2210
1931
4351
3653
2934
5624
5250
1326
372
863
2323
3747
1321
5237
147
15
416
3166
1831
2189
2735
5536
2187
4298
443
5601
240
1427
3072
4246
647
4620
2124
4645
5094
1397
5954
1026
449
3693
3256
3703
1623
2928
1197
5184
5667
4074
591
3519
5573
5275
3231
5511
3037
3171
393
5719
5917
867
2011
1016
1336
242
2407
2024
4918
5236
3913
2705
2192
4340
1032
3623
1958
4882
274
1583
1782
898
3332
5337
5720
5608
2675
1781
614
4720
5546
2685
5822
4387
1680
407
2182
230
2913
2518
3754
5821
5311
2935
5070
1545
1608
4205
5945
4201
4127
3038
2975
4929
5383
3004
3861
4031
4778
4508
4760
4382
2821
336
5424
3628
5175
4423
4993
269
2166
1155
1107
1744
1369
2763
4021
5801
3233
1732
3059
2593
3950
5636
2787
2164
1378
2411
1529
2157
3384
3586
5845
3902
2296
3872
400
4646
4274
5309
5970
1423
5726
1310
1103
4820
5943
5602
3930
4077
1600
2464
4067
1121
2041
4305
2749
2863
3192
3177
5599
1041
112
5992
27
2938
2099
153
1185
3750
2243
3403
2917
5418
2718
4420
5061
705
3735
168
2987
1573
838
1572
4334
1891
4020
3763
1787
837
3240
131
1562
4638
80
5884
4365
840
2762
3015
260
652
4512
3170
2746
1726
3344
3637
5655
2602
5816
4035
2669
4090
1287
456
5995
4610
728
2357
4486
5957
5487
4088
3807
3846
2522
2084
2216
3195
1167
4199
3319
4105
349
4455
4630
5542
4535
5527
3992
2680
789
1453
603
3119
29
1728
2985
2282
4637
5031
4877
755
3964
4706
5306
3927
681
545
5082
559
3172
2339
1025
2826
2224
703
1269
5049
324
4705
2140
2387
2890
534
4137
5267
2901
3368
2872
238
5357
3732
4185
907
3855
1294
1373
3394
5163
5662
1389
3904
3459
1332
2662
2528
3746
3066
4586
5365
4717
425
5077
200
4102
2487
3258
4103
1810
3997
4480
196
323
4643
4639
5846
5334
2514
3098
2185
5993
4730
1988
3126
1113
236
3330
5583
5038
1127
634
2802
1247
162
288
3165
2995
5072
2169
4545
2181
3958
4857
5160
1328
3109
3042
3275
4673
1814
2607
325
4033
2684
5874
3219
2904
2348
4987
3685
4561
823
2721
5087
1381
3088
3409
4782
4636
696
1725
4902
1625
3655
4330
1946
2560
1481
3435
1234
4500
5564
3062
3477
3405
4853
4043
1037
845
3670
3390
350
934
5214
531
5565
5015
3568
5977
2627
3973
940
5377
5390
4482
3946
4107
5549
5244
5755
3308
844
3772
1975
475
2203
1779
2739
3626
2474
262
5232
472
259
3820
5500
1069
2979
4950
5376
1633
2996
3271
3533
188
3541
2002
2842
796
5806
3625
3128
2976
457
2823
3491
1698
5928
2818
958
964
1058
340
1345
4271
2284
1411
1865
195
231
717
4265
2667
3638
5013
2906
3205
2006
3826
2069
3227
501
5729
1516
4488
1457
870
5153
4736
2997
633
1275
2195
3634
1973
5269
1902
5722
2190
2552
4711
746
5331
1404
2949
776
3811
1486
4078
5152
3050
3175
4229
3876
1253
2070
1818
2636
4042
56
5752
282
1591
2388
3412
2465
4564
505
1388
5697
2014
3013
3947
1682
3437
2314
5510
515
2878
4339
2472
3071
1510
2611
4359
1228
2848
1632
3239
843
3388
3420
832
3605
1528
129
270
30
679
1472
5777
795
2220
5449
5389
4580
4310
653
3536
310
3395
3842
5760
4588
1873
3294
5717
3433
5794
203
4394
491
5366
431
4905
1075
4936
1662
178
3596
2342
5071
3748
4023
2319
4611
4737
2267
2792
2923
2260
835
4683
2743
4591
3594
2226
4355
590
142
2755
441
4691
5458
3662
3899
1157
508
5862
629
3421
2427
3588
553
1178
639
4614
4218
2038
2616
5679
2453
4314
1017
3723
3145
1718
839
4912
2839
3667
1758
5942
1203
1019
777
2677
685
5807
5051
1311
2851
555
183
4343
3972
3029
4516
4104
2988
5451
373
2373
4327
4163
5024
2414
290
3900
5541
4269
3949
5215
2709
1922
1122
1961
780
4037
1043
3228
2861
5575
1442
4168
1585
1146
742
567
4011
5596
1165
4953
1937
5317
4661
513
2309
5626
117
791
2118
5490
668
1186
2370
5936
2902
5847
2884
5689
2047
353
4544
4567
1064
4629
2494
2544
3187
6
3885
3602
1048
2515
215
1794
5898
3691
3393
3511
3210
2082
5372
5588
1790
1597
5414
2201
2270
2894
2657
4260
1668
3798
435
1057
5132
3620
5824
5318
1979
1697
1701
2010
3880
458
2829
450
233
5007
1711
5257
83
446
5169
3912
1408
1834
4979
1490
3570
104
5260
5021
2072
3860
4566
2533
5056
3226
3201
5050
1180
3699
3347
2566
2989
5420
4930
5908
2289
2229
360
1395
1049
61
1842
307
1181
1243
74
5930
1515
3328
4587
2673
4299
3778
2631
4491
4108
3906
3020
1620
4316
5904
689
4061
3897
5581
5301
5953
2678
4407
1763
339
186
5555
3137
1817
562
3291
807
4858
2781
369
2586
5398
5705
64
160
3705
1303
5819
4665
4698
2546
3386
3799
3113
3850
4942
4437
5040
5188
4290
5339
1350
2054
1580
5973
760
3631
3582
2031
3781
5751
1736
1581
2750
436
4655
811
2222
4506
1532
2080
5606
5905
5668
1824
5651
692
437
5922
4146
2710
674
3301
4866
2001
2868
5934
3757
3132
797
744
3466
4735
5986
4489
3316
486
2026
38
4557
2165
3917
1182
4731
4289
3474
3348
5598
716
3701
3402
507
2347
1537
532
1455
3556
4843
3148
597
2786
818
2594
3377
464
3683
695
3252
2029
2697
4981
4143
729
2638
4804
5228
5842
5368
1085
5079
1100
5443
4677
4180
936
5584
2094
95
4197
3617
5225
4829
4284
1365
2459
1370
3765
2881
1637
2862
5485
296
4275
1940
1169
5630
1966
995
688
721
897
4172
952
1335
4822
4701
971
2891
4001
2978
2400
2445
1222
748
4886
2467
4350
784
255
5693
1202
3895
706
3160
509
2771
5127
1273
5795
582
5858
3450
3114
1735
3138
1564
1965
2462
4992
1030
1819
1193
960
3974
596
3436
1874
4046
5788
5081
3070
5308
5281
5622
3621
2895
2793
2485
556
779
2539
1052
4690
3355
3031
2681
5714
78
5162
1082
3087
5204
1606
4072
2343
4991
5585
235
3928
4900
2240
1377
4071
293
599
2867
2353
4797
4510
1673
4309
2394
2663
3837
4582
3183
1930
511
1023
4975
1799
3203
3800
3741
1439
2847
1994
5036
3408
2419
5880
2162
2564
2372
5391
2160
1800
4442
3237
403
4830
2714
53
4126
2956
2969
2015
4939
5893
3583
2051
1658
123
4444
825
2807
5951
900
5537
1331
3091
1235
180
5911
3117
5925
3995
4448
2852
5839
1527
998
3131
5586
5543
1792
1105
2748
2696
5251
3083
4089
4161
2096
2922
5519
4878
5128
2596
333
1674
1908
854
3682
552
5018
3456
5043
5254
4768
2824
2727
3849
1272
846
3444
5229
2994
1493
2486
5125
949
1477
2436
757
4752
384
987
303
1827
5199
2767
3775
1802
1877
193
2500
4511
5147
3562
2730
2036
1737
275
1078
176
3343
2413
5976
5008
5860
1848
659
3349
3929
4368
700
872
4799
2695
4699
1859
4150
1909
3954
4914
4236
2775
2369
4115
1239
5164
2920
4285
2936
3458
1065
2772
2679
527
2571
401
5299
1924
3721
2898
829
5814
753
1893
3819
2723
3014
5932
5076
4063
4356
886
2504
2327
1301
974
5197
3516
4369
1110
5297
1755
4311
579
1555
1589
3663
73
5850
2853
5444
3766
5009
2646
185
865
868
2866
2473
1386
5935
1250
2018
1776
4593
18
687
184
1999
4642
313
5310
4017
2308
5223
5182
3236
3506
1640
972
159
5812
13
2274
5774
3888
1150
2175
4193
5589
5996
698
356
116
605
3493
815
4972
650
5507
48
2651
3044
1928
5572
620
1993
3794
2754
2980
2797
5252
156
1125
4352
2587
1368
3768
4026
216
266
5068
5429
4913
1731
5643
2133
4890
645
4098
3641
3254
3067
2293
4466
1419
3134
4794
1008
398
3495
3481
474
5756
2740
157
1676
5590
3801
5776
4940
2023
5243
2553
4662
4091
3680
2780
4978
2967
1359
4803
5548
4790
5476
1826
2249
2788
1092
3832
4152
1088
2437
1880
2225
2526
4956
762
5570
148
5190
1296
3184
1839
5939
4833
1896
3303
849
4451
3163
2381
119
671
4870
561
2432
3376
1838
4654
2561
4333
3223
5119
5525
1448
4850
4947
4872
2059
1840
2629
3492
487
3272
411
916
5107
1953
4966
1503
141
5545
4931
3288
2505
2215
2454
2766
3198
1070
517
5185
5138
5702
3299
5445
2049
2271
1708
3688
4784
5454
5612
2376
4555
2609
766
2642
3186
5044
2114
5001
128
4114
5461
2461
778
2905
3441
5916
2143
5085
5763
469
3549
81
5538
4621
343
5781
209
3247
5126
581
5002
4579
285
2751
4724
732
70
1910
3471
5248
5694
3833
4440
1559
4039
727
3994
69
3774
1089
2479
1895
2589
1109
5856
354
206
4128
2690
287
2384
4494
2005
3609
3018
3375
3611
1433
5502
4050
819
5600
2693
1329
4294
3646
4447
2477
5494
2509
676
2543
4266
1752
63
882
1083
2431
5039
1134
4094
5718
3269
2231
1521
5677
876
5616
2257
167
5578
5123
294
3000
2899
3287
4262
5064
4985
5933
2542
4049
3809
2568
10
2952
5983
3624
5478
4085
5134
1022
1974
212
2469
670
1828
1976
3773
1095
771
3143
5410
3107
1240
5657
2310
1741
996
4445
1723
1467
2776
3446
2760
2689
1780
165
3320
5234
5683
2875
3419
392
2603
4141
3380
4178
4954
4136
5052
3035
2000
1460
4832
3490
115
5475
3580
5272
3803
3584
1445
4598
1375
3576
563
1384
3229
5463
498
997
1997
4548
2916
1941
2639
4767
4696
1858
3524
1313
5747
1730
3080
3970
1091
3002
3483
725
2438
3216
4478
1751
1391
1156
4650
3548
408
4608
908
1568
2097
1693
1140
5139
3762
251
1757
5959
1849
365
1143
3591
4341
4206
672
417
2645
5371
4763
801
4007
51
5396
17
2285
3687
4842
3363
2248
3382
1903
864
1659
4192
5247
5739
3555
3327
137
4754
2747
5688
2471
2734
2161
1612
5991
5736
1866
1774
4366
2800
3539
1232
5918
5032
2172
3812
2921
4749
2871
1039
40
2136
3417
2416
2707
5432
2628
510
2377
4973
5837
848
905
1948
4216
4594
1618
1425
1884
4745
5205
5961
4474
3323
3782
3704
610
858
602
2258
611
5595
312
5496
880
2700
3094
584
1265
5849
4432
2660
2104
2235
5522
3284
804
3513
961
1517
1497
19
2139
1629
2048
1652
5216
2870
2012
1292
2601
989
5194
2635
4575
1705
2062
1090
5361
990
2971
5408
1450
1324
1112
3942
2214
24
5658
1614
694
5703
889
4647
2317
2042
5323
1327
5628
3285
3736
1282
4923
5869
4147
5315
5307
2430
3821
4961
2272
402
2278
5141
139
5349
3309
5813
2790
1466
5921
5046
2441
4917
5914
2858
2551
2421
4337
1461
5324
709
5355
2943
4468
4841
3886
5654
4226
4541
2391
5879
3993
1833
4734
440
4948
125
3808
3825
3110
2420
3076
648
5663
5563
4237
5193
2338
2088
4015
638
5896
1933
5557
2534
812
1353
1066
1412
481
3552
121
3307
1830
938
271
3470
2664
642
2827
2128
3608
2138
2482
5526
5300
3674
3755
2322
3056
4909
1187
1702
4911
4601
4887
1376
3720
5403
2134
4363
2649
4112
4470
2250
593
4399
1553
3442
1772
2112
4109
381
4577
127
493
984
5104
12
4297
5614
5305
1504
3575
4106
4514
4849
2774
426
4539
763
5645
1074
4028
5342
5253
5609
5560
338
2951
1899
5479
1574
3557
1660
3718
3364
1599
5579
3959
1417
3387
2279
5332
1558
3856
4012
5027
1152
2876
3874
2843
5871
3194
1944
3869
5440
3751
4429
3830
697
808
4210
2117
132
4281
3724
107
4536
5110
4230
1681
4220
2412
5469
5195
928
3868
1195
4787
3915
2524
745
1890
3999
4267
677
5353
5902
772
2840
239
2562
2246
5328
169
3652
2349
1380
5741
4306
1934
499
1131
4255
874
1382
4144
5150
5900
433
2386
3449
5742
3967
2666
5295
985
3627
1588
1190
2820
635
3681
4425
2135
1518
3797
4625
3112
2801
3298
4481
197
3996
3672
5505
2715
1071
666
4406
502
2811
1889
3805
3810
1536
1500
1136
2423
5863
3658
3338
4670
1509
495
678
2098
5891
5975
3603
5322
4684
5929
5075
1126
319
5681
2364
4300
3292
1636
3010
2105
929
641
118
752
519
4812
1484
3468
477
210
2717
1689
4029
690
4318
3463
2337
60
3230
3461
1991
2828
346
4976
4036
4461
5298
3370
1270
585
3668
612
3413
4323
786
3879
5158
5345
3572
1261
85
3945
3532
283
1106
855
622
2087
4873
1172
150
3191
3702
4188
308
4854
5464
5669
2618
544
1986
637
5867
3245
5017
3358
448
2151
810
4
5554
4459
5142
3908
1915
5344
5829
2565
4121
494
2188
4707
4883
5025
4805
1788
2268
558
3686
3894
3863
774
4520
1218
506
4462
5045
950
4738
1694
5999
2983
5473
541
1473
1137
2213
3715
4540
3084
3726
5885
2668
1989
4252
1489
4402
1784
4009
4389
4583
3692
3546
3150
2111
26
1117
759
1868
3645
2429
944
3698
3647
327
850
2352
2354
488
1209
4070
935
4863
1978
2519
3400
5262
4994
5832
2924
5978
799
383
3454
4222
5146
5116
28
3566
816
2130
4076
3752
4758
5425
4479
11
5129
538
535
4668
3975
4897
3157
3722
5737
3601
248
3844
4543
1171
4385
412
5843
5289
1841
374
1443
2184
3279
657
3749
684
3108
3415
427
2974
3787
345
1254
5091
3792
5746
2915
1969
194
4838
3220
1511
5350
2204
3404
4675
2550
4179
3158
4396
4921
2719
5121
3991
578
3639
2280
1595
550
1188
1575
3021
1258
4867
3643
4852
1610
4204
3664
2599
5264
4313
3268
4428
5192
4008
3743
5699
924
5392
4836
4324
4631
3339
380
2903
4321
2233
4181
2232
122
4592
72
4988
3712
5176
5775
3101
773
4048
2968
5828
4757
3151
1452
3896
3262
1664
5676
4501
3590
5859
254
1768
1952
4727
1339
860
4916
3356
4203
3053
379
1010
3677
388
1119
580
4904
213
396
3206
2073
5989
1679
124
1617
4922
3804
102
4167
3139
2841
2442
4542
3429
5800
5035
5865
5633
2623
5987
3026
2836
451
4967
5034
4117
5906
2004
3469
1056
2446
4132
686
4052
3097
4487
1846
1284
1435
583
3916
2106
1358
5370
4247
3729
5022
954
105
1259
5099
1565
598
5089
265
1717
4551
5785
5686
5848
3606
5931
3093
4560
1655
640
1111
530
447
623
5483
1192
3302
5909
2770
470
330
3276
3981
5660
5927
788
1957
4845
4374
4703
3392
3060
2261
3744
1569
158
2264
4231
2941
4824
4518
4002
1644
4493
297
5582
3616
947
3818
5833
1801
5962
5154
542
1753
969
2557
1531
2964
1330
1688
3440
3633
1021
1320
1060
4656
4413
5766
5854
3661
5607
1677
3508
2648
2950
4816
1101
5707
2379
2655
5358
4952
5477
3180
1530
2149
1006
4562
2335
3529
1403
3777
36
4747
2234
1210
2816
1063
4984
5170
1469
1485
3521
2525
2180
2408
483
4704
3649
3082
1875
1238
2722
3854
3250
5065
4697
2410
424
3727
4672
751
2295
2027
2810
2303
4082
5086
391
3910
5063
1132
2532
298
2321
4264
619
604
2812
4848
5189
896
5029
2196
3983
2597
2778
1062
4427
5771
3385
999
3891
5245
3073
3176
385
1434
601
4258
4864
1675
4436
22
2822
3767
3418
3167
3341
5685
2634
2043
5784
468
1229
5212
3862
2612
5889
5238
4989
5367
3948
4349
4228
2046
2328
3523
2039
4215
915
3100
32
4728
1797
3432
1886
4970
1341
956
2292
1211
1387
2644
618
736
4780
101
4142
5421
455
5233
432
5062
2577
1286
761
5613
5058
2835
3610
4907
3827
3527
4578
5963
1690
539
570
1487
4753
1015
484
955
1615
2155
302
1713
1230
5852
2499
1436
3956
1459
4814
4676
1154
4416
418
714
3717
3077
4828
503
3197
4847
2531
355
859
564
3866
4140
3199
4464
5907
739
3487
4896
5434
4999
5438
2764
4381
4471
1982
903
1648
3953
5402
2297
3554
4347
1312
3315
4503
982
5369
3209
2633
3669
2926
4868
5446
3357
5868
2463
4507
5426
2814
5467
3960
3640
1970
551
4449
2298
390
479
4477
3501
5321
3242
875
636
1592
4605
1832
5758
143
4657
4709
866
2426
827
1539
2154
5791
4177
4949
2759
3689
5827
5103
5180
3188
895
348
3314
514
4664
4476
3411
2937
3475
1440
520
1856
1002
3023
1770
2345
4064
4599
4490
3955
967
4460
5615
879
2302
914
5165
3425
5249
5105
4138
5695
3770
4862
4786
4609
3334
992
1806
5919
5159
5219
1985
2451
5006
5412
3317
3133
5284
3489
2409
3892
1561
1413
5949
5336
892
5968
263
452
2506
1798
5256
3851
878
5161
970
5313
3259
2418
3619
723
4068
1216
1954
4663
627
5095
4392
4122
909
5419
21
2208
5338
3535
2312
5798
3135
2125
4846
1322
5757
4182
4899
2470
3630
3472
2590
1505
5047
3884
3351
1502
3009
3612
2605
4524
3324
3005
2079
1219
140
4821
2720
5540
5112
942
1622
4960
1237
2789
2483
376
5574
3214
4819
4558
4287
2052
1168
1295
362
423
664
525
2845
660
5173
756
2375
5074
3753
5647
1394
1446
5793
2241
1307
5265
2711
1977
3257
1955
4268
1995
2981
1354
4125
5897
2893
5012
3730
4769
1011
234
5352
5875
3238
4335
5670
2044
613
6000
5749
4835
23
1525
2912
3213
226
2417
4944
4326
3217
537
792
1236
1584
4550
5648
4789
2877
5101
5952
5097
2825
2077
4286
295
1727
1141
3045
1480
548
5817
5416
4338
5638
4982
2095
1051
2575
4110
3218
4239
3695
1990
5926
735
2699
4644
5131
4681
205
4302
4443
5319
2650
3147
1
3789
1686
314
5804
3531
4080
533
2588
2008
3278
549
3248
4869
4016
1208
2919
2819
5738
4941
4622
3769
4617
3024
1352
3890
3274
4073
5740
643
1077
4876
1854
3127
3196
2584
720
1308
2481
1488
662
1791
3924
5731
3399
5014
229
3152
2362
546
320
1454
4367
1003
5577
4062
5230
5971
5106
3465
3728
3484
4485
5985
1059
3788
4118
1621
628
1281
4571
359
5069
5836
5700
5940
4376
1773
1465
991
3295
2089
4320
59
272
5054
4418
256
3039
3551
1835
1007
3379
1749
86
3120
5745
4245
3716
3560
5482
5629
2984
1044
3464
2570
4373
42
2476
842
2153
1894
5994
3345
733
4214
4817
3142
33
5789
4881
4825
173
1596
1400
5754
1383
4623
1542
1579
3679
155
2228
3500
4332
4722
3706
569
2256
3650
4116
5853
342
3882
473
4005
3234
4607
4589
4695
3439
5290
2929
1945
1738
2559
4574
741
1398
133
103
1734
3911
2833
1704
1904
2907
4624
1428
276
2037
4086
2808
4280
4200
1616
4353
44
2805
3806
2970
170
1491
937
111
1762
4509
3064
1133
5222
5235
5028
2219
4484
1323
2449
3666
1289
2183
1355
2733
5913
932
518
4634
5316
1929
1206
3208
1578
5724
4357
2501
1639
5967
3632
2838
4111
5491
1938
5279
3243
1046
5273
1628
2512
2238
5000
794
2186
1546
1870
2455
1804
3221
1635
1571
1703
1496
4469
5394
5135
5790
2230
902
253
1073
3951
5531
1533
4895
616
4198
5415
927
3182
4865
5597
4154
813
726
5136
334
4157
1912
2849
2100
2439
1724
5664
2554
4113
2056
1916
1142
2683
1410
4405
3460
3016
5532
3654
5373
3017
2091
2911
4573
2977
2332
5520
5544
719
3984
3362
3282
5937
1432
3779
1035
190
2972
5242
4719
4158
1587
571
5857
332
218
4083
5120
4348
1114
3054
1164
1911
2170
5888
2443
675
2846
3329
496
4003
5292
5851
2558
2173
3255
1696
4990
2965
4515
1544
2873
922
3814
1843
3858
4531
2530
1280
2725
2726
2329
2930
3571
3660
1482
4934
4532
3926
2549
5495
192
1166
189
1362
2141
2156
1541
3840
3336
126
2313
913
781
988
5083
377
654
1813
4682
3125
1304
1342
2606
4256
5811
615
3079
1268
3966
3708
187
1094
5362
2744
3085
245
3700
5276
885
4499
2831
1607
3853
1582
925
869
3828
3875
2063
957
3407
5890
2958
5023
2122
47
4971
888
4671
5830
5448
3457
3636
4581
572
414
2962
3977
3540
3494
1590
4652
3759
5037
1807
4714
2694
4718
4463
1458
2541
4903
1766
1882
4756
5947
2259
1263
3537
289
1145
5455
2316
2146
946
2123
5941
171
4304
5820
2193
2398
1087
1199
1151
415
5635
1630
2507
1000
2205
4435
5130
2925
1189
4831
3665
5979
5611
712
5333
3189
4891
164
1159
1867
4958
409
4827
5972
4595
3140
3019
5559
250
5468
2325
5728
3791
3001
4627
3713
3919
5715
1220
737
2425
4457
1346
787
1249
1297
803
227
5399
5202
4276
4517
5258
575
3123
2493
1068
2324
5255
5462
3154
4919
1785
2993
2452
5302
179
2556
5517
4160
658
2424
2573
649
754
3078
1837
5623
3784
4331
4149
2959
5603
595
99
2
2028
462
5387
1470
3378
2502
3836
3423
5450
2497
3873
1750
361
4525
1641
3397
1998
2366
2716
873
5955
826
4685
4291
1722
4809
2585
2045
4977
5326
3281
504
5282
3697
3040
1905
4813
3263
4963
1501
459
1609
2511
4898
5277
5488
3498
1267
444
405
919
2661
4888
4254
3374
1825
3998
5825
5457
975
853
1733
1183
5499
4751
5748
3074
278
2276
2300
191
1333
4806
1319
5108
4174
831
5200
747
4687
476
2731
2206
4785
4552
3707
2574
3512
5566
3971
4194
4145
4087
1356
828
3012
2460
1959
1407
2254
1860
4120
4513
4233
782
3424
1118
2331
55
1684
976
1462
1906
2016
1742
2174
5592
237
899
3522
3326
5678
5404
3293
2444
1847
4183
2503
299
3845
4925
445
1520
4725
5883
3561
347
2940
89
146
5605
5870
3043
3988
3207
1204
490
3414
2576
5708
4750
331
1964
764
2865
4533
941
138
1669
5514
2856
2033
2908
3156
2281
2798
5783
5312
2659
5240
1512
4165
97
4856
202
1507
5286
4906
3342
5956
328
847
5271
1604
1347
492
1538
2252
577
5493
5435
465
1927
3793
2132
4969
5489
4585
1887
5436
1040
5278
292
2255
5735
3047
3989
4328
3657
5571
3940
163
2368
4130
2671
4996
3181
830
357
5673
2120
3235
3962
1047
2067
1857
485
3036
2672
2301
586
2131
5980
5504
4123
715
5841
5246
770
2269
3069
1447
2076
3225
3816
4054
257
3734
1409
1672
3957
3367
5115
1795
4379
1451
1020
2159
2701
3473
2855
5206
2197
2954
5834
2199
1914
1651
3438
2404
1285
798
4202
4590
2435
5666
4261
1338
3534
4798
5627
2223
3597
5501
4640
420
3545
489
1215
4792
3864
1611
1343
5887
4616
2513
267
2632
1431
4308
1777
738
5413
5743
5227
2765
1468
2620
4235
2521
2702
1379
4892
2371
1214
1104
2806
4234
4415
5453
1174
3333
2804
1098
3859
351
4791
1038
3174
5274
2291
2963
4066
5778
5576
5730
4604
5698
5547
4528
1951
3783
3007
5304
523
4826
2287
3173
5809
1277
1207
1605
3599
3106
1987
3515
683
4414
3313
4166
1227
1972
453
1820
2116
2691
5782
4962
1638
5701
175
3136
2053
378
3455
3600
2484
1981
5672
3
917
3815
4361
91
3105
5882
2415
2897
4943
713
587
5530
3061
2380
680
3889
1316
1081
3121
3391
5895
113
4807
5619
1160
2953
2081
1983
4839
5100
1918
3542
4040
3733
1334
3673
822
4232
981
2883
1444
1650
1550
2466
4301
2785
1438
3416
5644
5966
1900
1191
1495
1567
5422
1514
3086
120
3448
5294
4155
2020
4099
3322
2294
1667
4296
2320
106
5401
3742
1476
1251
3312
249
743
4694
1300
130
3025
3878
5787
4209
461
3528
3373
273
1761
4723
4632
3265
5187
2758
5680
5330
2779
1823
5692
3510
959
1526
5226
4391
3318
4010
5283
2115
651
5266
2236
2334
4219
2538
5831
1878
154
3848
3075
5178
5682
1759
1437
2040
4721
5492
5217
626
1344
1385
3426
4666
110
1029
1721
2889
2405
3261
4937
1524
5098
2910
4057
315
529
5191
3115
2110
512
4101
3790
5656
3813
109
4173
1646
5866
198
5815
5706
3321
2784
5092
5060
2892
3155
480
5618
625
4473
4148
4910
5923
1712
4744
243
3161
2830
5759
4047
304
318
2756
3925
3396
4772
3635
5528
4458
3936
182
4777
4983
311
5552
2834
5360
1079
2060
554
5512
5484
4651
4997
410
3684
5899
2773
5568
5263
5810
2844
2569
4164
4452
1876
1809
3118
358
4674
5407
5523
1173
1907
2498
851
2769
5020
3514
3095
3200
31
5409
1921
4075
4006
2654
4732
4081
1298
931
1897
4693
389
5591
1764
4584
3443
1716
3361
1194
4739
2065
5460
3306
4496
3802
699
5427
528
4025
1179
682
702
4618
5569
2393
5587
4241
978
4492
2478
5617
1956
4133
5109
413
2212
280
4156
1475
790
673
5474
4171
3146
4056
1816
1351
3642
5364
4397
4920
2567
5218
565
1654
606
5057
4502
2402
1939
2009
2480
2109
2434
5965
4521
5594
4212
4748
785
3822
34
3159
5042
3270
4986
1853
4419
368
2129
2395
2341
1771
5924
5459
1494
5385
3369
1670
1221
2019
2034
4893
5066
5958
4465
419
2344
463
2171
1170
1678
4519
1246
1390
1665
973
3979
96
4779
4456
1201
4808
5826
1084
2579
1871
4762
5823
5004
1033
1139
2885
4628
5642
1036
3614
1233
1317
926
701
963
1148
5744
5687
3058
4549
2488
1850
624
2957
3244
2458
977
767
1540
1786
2227
5172
2591
4915
2299
4014
3760
337
5704
1402
5211
2931
3310
1645
2887
2389
5124
5539
4242
4124
2728
1028
3190
3398
225
536
1441
1129
5471
1656
1483
5481
4134
201
1266
2090
1367
3092
428
3102
2358
4619
3331
2307
5241
3923
765
4497
2101
3046
2346
2581
395
3116
1692
5287
2704
2397
1685
4667
4874
1852
3353
2326
4422
5894
646
5030
1463
2003
3179
1337
1683
5981
2687
2909
5059
4680
2433
1422
1429
41
4776
3905
268
3676
3340
3719
5646
4527
1067
5351
4689
3659
149
5534
824
607
3694
4795
4932
2083
3103
3738
921
4546
4409
4207
3111
429
4764
3383
3350
891
2492
4641
3963
2288
1508
4211
2641
3934
67
5944
1653
4322
5201
2283
145
4307
4253
460
3969
1935
4995
4755
5073
566
1729
2545
3985
4648
2510
5327
2403
983
1642
1883
4386
2676
5650
1225
4383
3918
2108
962
1822
4248
5325
1996
5296
5314
655
1706
4783
2643
4277
326
2359
2311
1149
2315
3517
3467
1962
521
1196
4871
5950
3507
2625
2496
557
4273
375
4483
800
5723
3366
1888
3725
3563
783
4928
1371
3796
3149
344
5984
2548
5442
1009
87
1244
3553
3980
5430
3824
2882
4860
4384
3034
322
1004
1855
4257
2610
3290
4935
1649
204
1213
4534
4861
1754
2202
5873
1627
363
3211
5553
1671
2074
5711
321
4743
5356
1420
208
2102
3558
749
5690
364
4325
5177
2340
758
2563
2396
669
2113
1414
3976
3504
421
2945
910
5156
1012
5133
2207
5696
3337
1760
5733
2305
1808
5990
5480
4315
5470
4815
3675
3452
3893
4208
3696
1299
4319
1096
3434
722
4879
3589
3544
5764
630
2093
286
4223
4522
76
693
2737
5561
3574
3048
5151
281
4547
5768
5224
1305
852
5384
3008
5625
2864
1212
2121
2158
3273
3871
3479
5111
306
1045
3325
5382
1245
3296
2857
663
4974
1364
2032
1552
5157
4811
3648
4408
4759
1072
3941
135
3834
5078
5838
691
3277
1707
3852
4884
2670
2142
1449
4065
890
2615
5805
2536
5521
516
284
5786
2540
1086
4030
906
4317
2355
631
3776
5140
3178
2085
4766
5118
4741
5513
1264
3406
4612
1076
4851
3360
2520
1715
1663
3253
5303
4295
3401
2547
1276
3030
2729
5114
1619
2066
1765
3598
1815
4169
4055
4823
1177
4965
5067
3577
4393
2753
1018
5721
3482
2653
656
5659
1700
4421
2007
5524
3451
4700
2874
1666
608
2986
3607
1556
2058
2595
2218
217
4018
1743
1767
370
2078
2061
5634
3530
4613
5380
71
600
1474
5335
3881
2582
4740
1593
2803
4162
5174
2306
4431
661
2245
3283
4796
5210
5259
3615
2991
5386
4537
1863
2592
2745
1836
3289
4434
4093
4998
2468
4360
3141
2456
2918
4238
2068
1695
4569
806
5997
4346
1348
2674
228
20
3122
2290
4024
1124
3764
1626
3944
1248
1563
3618
4775
2944
1014
5447
775
422
5441
3870
1634
90
4342
3502
4659
809
3354
2361
5186
5920
4292
2732
1005
3847
5117
1992
397
5903
2686
1013
2367
2144
594
3831
4196
4176
1315
1274
1745
5080
3761
4184
3952
406
4570
5472
258
54
4771
1363
4660
1456
1740
5213
4793
3215
4051
740
5938
1551
1464
3505
2304
2622
5640
1242
1720
5137
434
4450
4034
4926
3943
4678
5033
5019
2440
4045
1099
1097
4283
1184
1271
1594
3937
4710
5341
5465
5239
2450
466
2217
3381
3935
2738
2947
3714
5562
1925
500
5632
3359
4746
2050
1543
2523
1898
2613
1176
2992
5912
1291
4774
4370
5684
2265
4358
5558
5291
4378
5381
3938
3920
4505
2948
5901
5400
2955
3051
3921
1949
5948
939
4554
3835
1932
2336
4372
2703
2057
3153
1963
5388
1775
1805
1479
1314
174
5509
4538
2708
4859
