6000
438
3778
1912
4206
4080
5049
2444
4225
2373
5593
408
4895
1034
651
1738
1815
1893
248
430
5220
1839
189
178
4823
2499
2955
5869
5029
1794
4522
3825
3774
5404
994
3624
2877
764
4717
3598
1124
2857
1019
3632
5392
2842
5411
920
1245
1412
1203
3166
805
2387
2124
3585
2779
79
3456
4758
2322
4848
1208
1117
2696
2385
480
4399
482
5350
4828
5424
1621
250
396
1345
2210
888
1517
2636
1962
4638
1885
5655
1899
2522
2308
1963
3122
5371
4955
1599
5793
2848
5004
1641
3423
5995
3315
5675
4867
887
1837
1973
4041
2190
1584
3219
4657
4199
2941
5639
1678
4946
3830
2898
201
1669
3048
5817
4416
783
4203
302
131
5130
2150
145
708
2978
722
859
3046
4822
1007
2089
3696
1831
3218
922
552
3672
297
1214
3227
5336
669
2580
2795
871
2075
474
5549
711
362
1168
577
3709
1734
5475
2175
5946
4982
456
562
177
4979
2088
2101
808
4173
5927
5730
2500
279
5040
3591
5377
4115
5368
90
3372
5286
2024
5777
1276
5745
5333
306
3765
4994
2697
4467
2213
5033
345
3879
2163
2563
2996
266
5158
225
1696
5717
1051
568
138
406
2666
737
4782
4415
3426
4471
5598
3712
589
2878
989
4769
709
1360
2151
1680
3999
4473
1047
4029
4993
3572
2134
4123
927
763
1502
1376
1255
4500
4405
4824
5466
3784
2312
5990
4887
5240
3882
4386
311
5716
2588
943
5576
4966
4194
4372
2428
4856
5126
3444
5317
449
4690
2293
3056
5756
3261
4398
5242
3965
5445
3432
5308
3770
3373
1112
1499
3250
1986
1278
483
1303
4981
3272
3103
5816
4429
1228
2236
945
2939
3677
2824
5790
1871
2429
532
5907
2581
1347
2038
3375
1025
4271
3233
1060
1289
5293
1879
1024
477
5128
1597
720
5453
1967
4686
5325
5663
3398
3917
1275
5355
1819
5334
3735
4026
2999
5226
5520
4633
3393
3302
5510
1771
240
195
4532
1882
4869
153
774
4921
2513
1001
5413
3872
3356
550
1775
1353
5384
2695
2514
2733
3253
657
2217
4681
1667
1058
4689
2537
2706
3706
3039
2287
5393
788
997
3507
1926
822
4540
3424
3278
4799
4171
4569
3952
5806
2231
4434
3682
5157
5808
3521
518
5705
4614
4963
4153
3053
3204
2379
465
4187
1529
1512
5834
4264
4773
3321
3957
2778
1302
4607
914
1452
1226
611
5696
1913
5892
5518
4303
594
5066
3861
2982
3193
5094
855
4684
5469
614
5268
5394
377
1583
1432
913
905
1083
506
2906
3158
1473
4231
1421
1242
1225
3582
1699
3612
3319
792
5245
5265
3688
1197
4534
5801
4873
4281
2077
3662
493
5498
1311
2352
4674
1961
366
1334
990
5217
1366
4756
4268
4647
4423
4211
3815
719
3725
5556
4846
4181
3648
2907
4240
2054
5133
4584
785
3387
3065
5241
3845
4925
210
5382
4185
3114
5142
1116
4568
4205
475
3258
3545
3856
1674
433
478
4308
2432
557
4406
5674
1422
5614
4000
5891
3409
5502
1254
1792
193
2755
2865
3226
5784
3459
499
533
1426
160
5637
984
2658
2417
3341
263
2129
234
5992
640
2571
83
1579
2640
2604
3017
995
467
1830
2791
2771
4165
2616
1683
2562
4508
2808
5205
624
4661
4791
1722
3126
471
4150
3124
2784
803
4230
3766
4489
1209
5109
405
4164
3162
3482
1567
49
4328
2297
1062
2046
412
237
3629
1646
3899
4738
2609
4379
2319
623
4067
3052
5295
2296
2638
5341
4333
78
901
5855
1504
5298
3577
5682
3925
5814
1608
5999
3093
1700
4403
3264
1975
3863
647
2454
4814
5794
4113
4046
2885
29
1262
1820
5755
5074
2047
1321
4965
3312
2208
1851
2306
2410
1629
723
3100
4104
3622
4484
3178
4748
3755
542
1823
3132
4615
4114
1901
5499
1192
119
5630
5493
5092
5397
1764
4469
5373
301
129
2774
1840
5099
2582
461
5149
3481
4033
4908
1577
4132
3268
3413
5003
5474
3880
333
3550
3013
2295
3252
1246
931
3503
930
1273
4759
5714
4652
944
3865
2491
1367
4179
2572
3565
4555
4485
2551
2524
4513
3198
5850
5762
1694
5482
851
2570
2540
525
5957
2480
932
4931
3730
4370
3836
4490
646
1424
5677
1727
5778
2744
3071
4478
1044
1640
4108
1991
4208
942
3549
4558
4324
4144
4486
2457
2403
2135
2146
1951
3445
4811
4031
4304
3933
2822
5645
541
1838
730
4745
1233
2599
5607
3109
2188
1037
4071
5376
636
5900
2490
5996
4975
4387
4284
3137
1950
3274
2754
3929
4621
2187
4329
4293
5571
4148
3186
3200
1825
1069
3255
5505
1134
3401
5611
3256
5924
2263
5273
2409
3463
4987
2459
806
4728
8
330
2802
3948
4427
4007
5337
217
3956
4964
4643
3964
2170
965
2018
417
1565
432
4707
181
5765
3891
5269
299
5068
3678
1125
4261
1808
4727
3542
4297
2847
2022
5963
4335
2968
3519
373
5483
939
356
3420
5616
5566
4521
4338
4442
2700
2212
4598
3023
1513
2118
1536
1550
2839
4330
1686
2756
1768
3243
1751
2239
1119
5709
2569
3078
742
3627
1765
3658
3134
4763
209
5197
1933
616
4076
5353
2398
4667
3457
5247
3
3618
2091
222
659
3546
1563
3630
2270
5266
5260
1740
3242
1170
3794
3544
5942
1784
2271
3744
4701
4883
2422
2331
4807
4830
5997
1085
1832
4714
3975
2396
1450
1332
3939
5116
5884
1013
4630
3589
3361
5707
2138
3646
3417
35
4956
112
5075
3720
5144
3675
5058
286
4438
2180
4214
249
4010
2114
4170
4022
307
5056
368
3196
4806
750
1993
5902
5852
966
375
5608
1853
4157
5613
2476
144
5189
4855
236
4147
4515
2399
553
473
3647
3480
3533
5001
1449
1198
2751
4057
5824
2929
3985
1219
3431
1729
1827
5037
414
4779
3125
2753
3183
682
1578
5291
1575
37
569
4734
3767
1870
4594
2789
1843
1576
665
5365
196
5136
5180
2705
1682
486
741
3249
1548
2860
1130
593
3792
733
5958
751
2762
4047
2472
4498
2421
3920
179
5670
5415
2745
3826
2132
5849
2704
1525
2272
4636
2819
2122
1799
4878
1570
66
2931
1258
1180
2958
5574
5746
1284
1804
1759
1670
2206
331
2420
4390
948
1618
2426
2655
685
4960
5810
1417
127
5125
5986
4051
510
1129
2643
3008
5196
643
2358
4163
4111
909
2329
1260
3397
1092
5173
1689
1338
3721
3878
999
1145
2344
2386
2799
4267
1011
1787
736
5527
2763
4254
3246
3897
3571
2727
5618
5385
1876
3978
3331
2389
3637
1213
2010
4564
4951
3011
5708
5193
2830
4605
992
1193
4451
4670
1922
5304
4904
288
2859
5767
1589
5288
151
963
3153
2278
3330
2045
5379
326
52
1064
5568
4146
3569
3515
34
5042
3167
5604
655
194
401
3301
2247
544
4999
5305
1541
574
3091
2719
5316
1888
777
3020
5764
3402
3171
3442
1008
3259
4285
2981
2028
2074
2584
4889
5297
1695
554
2323
3165
4353
5227
4298
5366
3344
3954
3855
2117
2903
3054
2355
4110
4985
3308
3540
3190
5799
2972
2203
446
450
353
170
3581
858
1469
3911
5964
3748
4389
4018
1542
2461
5740
1730
4013
4663
727
5726
2149
759
1369
3653
5324
4611
3483
3640
5427
4283
62
5391
695
2810
4316
588
2192
2645
2341
5230
1329
3325
4907
254
4251
4401
169
3645
558
3085
3606
4724
1439
4391
907
1654
4424
2961
3853
5800
3439
4710
1510
3391
5103
4027
1812
349
191
9
2508
5256
3923
5698
146
864
2607
4588
1169
1663
3588
5601
291
41
2506
654
2785
4275
4050
4120
4986
114
1039
2511
3711
1675
4315
2841
1776
2560
4801
2194
314
1592
1185
5177
1723
5407
247
1288
515
5152
4062
1477
2674
1846
3421
1902
4980
2520
3348
4317
3896
1464
3979
3080
1485
4591
4933
4180
3350
4306
4742
4452
2623
3751
3679
4628
1607
5650
5751
126
5258
5383
3201
2538
40
4783
5653
2690
5055
844
5078
1609
1807
3332
5270
76
1135
1711
1405
926
272
5988
3460
1164
409
2856
1079
812
4514
3412
2489
4025
1591
402
3990
3710
293
5061
949
2601
1964
4519
5344
5542
857
4845
4516
3610
3530
3296
3858
981
1317
4536
3128
2573
3150
4458
5748
660
1286
3625
204
2589
2242
5171
622
821
2282
1890
1103
1297
4161
1938
2694
2116
5318
5959
2948
4222
545
5600
4327
4355
4897
1341
2292
3728
570
1344
1798
4675
4507
2049
3000
1388
5209
1886
5535
1690
4816
638
4961
969
1215
850
2590
1414
2998
2957
2876
4367
3802
1220
2305
3967
4533
1496
2451
724
2625
2943
5827
1121
578
4968
39
3609
1726
2523
1221
5965
2234
2675
4751
3982
2219
2447
292
5841
5584
5908
4944
1106
4821
4622
2076
4216
977
5225
4383
878
5933
2566
2767
3199
5998
85
5202
481
3327
2988
2730
1633
675
5516
5328
1033
3292
3147
3223
5122
2837
3916
2662
5952
3129
5364
1773
3299
4098
5143
4184
4989
5704
3689
947
219
5752
5422
5408
479
1972
2735
318
4109
5540
4440
3077
2502
3244
4528
3220
4781
5687
5890
529
5250
1856
3364
2485
4680
520
2558
3408
429
403
5656
5820
5622
1854
747
3260
1099
802
77
3365
4400
32
3461
1157
938
5633
2090
3143
3986
4562
1508
5232
4129
1945
4691
673
3083
5057
3968
4313
3228
388
5167
3602
4757
4780
1472
3428
223
5977
3177
2602
5512
5421
3566
4346
5585
827
4436
5311
4765
3698
3888
664
2167
496
2509
2833
2433
1960
2713
5511
2652
5955
5119
5735
5673
3050
1715
2576
760
1543
4870
1865
3717
3769
2005
4785
4045
5649
667
1647
740
2324
1184
4911
5312
3404
818
3400
3834
5657
5773
1736
3866
5200
3368
4520
2464
974
57
2525
1998
497
1816
1847
309
2591
3764
5236
975
5825
1829
3024
2317
1186
411
796
4001
1562
2493
1438
5877
3634
1319
1532
5980
1327
2515
694
4696
141
620
4632
5338
1401
4896
1894
1336
3464
3761
1281
4976
5552
2716
3727
2637
20
363
1354
2881
517
2685
819
5451
4693
27
4835
2739
2014
3241
2178
2671
5528
2244
5491
2154
1003
4894
5257
4134
1331
2997
1800
906
2895
5533
2277
5532
73
1687
5148
2443
5274
192
3047
5390
3691
566
4052
3328
4126
867
4788
5276
5327
2304
4351
4289
1752
3101
2555
5879
1178
2805
4311
3626
838
1071
1662
5496
2933
3075
5831
1934
3197
2687
5702
596
873
1656
4992
1434
1693
182
4538
1906
2092
3210
5356
1982
2161
1298
2813
4712
3649
793
4348
5868
156
4210
2552
1796
4545
96
5503
4366
848
5575
5013
3470
1877
2053
1031
2140
650
498
2172
2419
2724
5887
4431
2707
1358
5254
915
1283
2678
5547
955
4616
795
2918
1306
1845
2468
452
2226
1445
5159
3468
1397
4787
1380
2411
3240
1115
4547
790
4570
991
3903
3038
5279
5671
3192
4482
5472
4566
5067
70
159
3870
604
2937
4446
4827
1370
5025
738
5166
476
2869
2501
3235
3138
2064
5340
2768
379
1917
4988
4557
5894
3651
5950
5842
5412
4321
4070
1898
1021
5851
5973
4832
1094
1910
4106
1919
509
1177
1467
674
837
3616
2729
1884
2159
5339
1315
4747
1862
4587
3102
1160
1969
226
1762
811
458
5947
1194
4739
4527
5861
1603
979
2365
4901
24
3266
4625
2097
933
4480
2967
2112
1352
3304
5635
5239
5389
3547
319
4937
3497
3983
310
2986
882
5724
2567
3487
3314
5456
710
861
2477
321
2945
652
4096
5165
835
2964
4186
4810
1016
3164
4496
3180
5742
2930
1474
4259
157
5586
1620
2644
3557
4930
137
4928
95
71
140
4697
65
4483
4139
5989
3104
1867
2846
1864
5121
197
3776
3072
1754
597
3378
4950
80
5343
1524
296
2794
2550
5545
606
4040
472
771
2033
142
3251
4481
3073
2193
4602
3650
2182
1264
5760
4789
4369
3873
5490
3947
116
5081
3737
2061
1836
2220
5131
5597
3707
93
4892
5440
1479
298
3762
1857
3750
5255
1573
1176
305
4192
2347
3508
2413
1224
3552
5734
4468
3754
4881
1133
1155
2125
1873
4095
2348
5396
3141
5444
164
4011
5129
4501
4646
3963
3214
3908
5934
2085
2676
3155
4749
365
1230
2446
4326
1810
5237
3212
111
2126
5007
15
5041
69
1955
5135
4417
1659
4713
5913
5222
1318
5813
1753
4505
1834
2947
5047
3828
1977
4016
1708
3525
3821
1395
322
1261
121
3895
4299
4375
418
980
5759
4244
4777
2160
1742
4269
4155
5928
1309
884
4851
3217
3686
4450
688
2594
2866
2966
340
4024
3172
2412
3884
2289
2309
3279
5351
4736
1737
5187
3307
3175
631
656
5583
1056
1619
658
253
2336
115
3265
1981
5797
3034
642
3532
2793
1308
3194
2478
2215
4596
3305
5582
2682
2517
87
5551
2274
1483
1406
2994
2722
4418
3667
4221
2956
2507
3641
2750
21
804
4479
1556
4924
337
789
5035
4603
2629
4942
5886
3329
2458
10
5021
4445
507
2680
2152
3486
1074
3874
3573
5819
2470
280
5648
3043
885
956
2280
4943
3390
2211
3936
1053
919
1487
2748
1109
2147
5723
876
5423
3037
5238
1958
5112
5595
912
1328
2970
582
4492
3579
2715
1102
4274
1399
1229
4422
3354
4034
3797
1557
4494
714
4354
4949
108
625
3106
4334
264
5145
5761
2959
3877
3116
2011
2376
227
4984
2761
3358
538
1263
344
5623
2123
1144
1713
4592
918
2850
2568
5315
3131
1150
4909
4815
668
5296
4573
5783
5470
4462
3491
4439
3713
4990
4654
5184
3097
4054
1465
3749
4839
2128
276
2251
3247
3500
5962
2592
3553
3806
3369
1175
556
5711
950
425
4876
3295
1997
671
1386
1744
900
3676
2361
3970
1555
3429
952
4158
5400
1718
2498
4935
5718
5294
3288
526
3322
1211
113
993
4590
5012
3140
5358
4608
390
3291
3385
4687
3346
5150
2858
229
1492
4563
880
5609
2043
1526
2497
862
744
4884
4703
706
4012
2051
2734
5710
5809
4658
1684
3437
4410
4487
4162
1404
5360
608
2059
1407
5570
2328
815
1095
2518
4435
2392
2884
2465
5661
5214
389
3057
5903
2913
5313
2209
110
5983
5306
1431
2430
3187
2023
4804
2481
3221
5204
336
2462
5768
5155
4797
4852
4086
3130
4412
4282
1797
4347
1908
2621
2202
3324
3239
4917
1325
1120
4903
2222
892
3980
4552
5789
4945
2273
4475
5828
3342
973
2533
5722
5758
5625
484
4319
713
3176
1271
3600
1065
2119
3941
5617
2909
4378
1750
3367
3263
1622
2007
3064
2423
5405
1448
294
1503
211
2087
2196
4672
124
2820
2659
1201
4836
3628
5537
2992
135
1931
1463
2099
3087
3427
5437
5275
4377
5506
4443
4512
3859
3333
4220
5798
2807
801
2060
47
3816
4850
2204
4899
3455
3592
894
3938
3512
4408
183
5005
5917
327
2483
3095
1916
5531
1936
186
185
3745
3005
1630
2040
19
1390
3045
1822
3025
5554
4394
2788
2471
3534
4131
2223
3306
2354
500
3623
1587
1330
547
3257
1530
1195
2642
2952
5914
2631
1161
2198
5216
5647
1333
5750
1346
315
5594
4634
5658
3559
228
4195
4188
1476
5027
758
3410
4627
5515
5555
1880
4541
2600
1943
3029
5172
2838
879
3946
133
3780
3099
3170
1811
3867
1801
1403
378
5064
1878
5525
3310
4504
1650
5837
2863
4642
2337
3613
2681
4176
5441
2042
5375
3829
2871
4247
1907
1547
28
4204
3359
3232
1497
283
4530
5627
1148
427
1941
1087
4800
1429
1735
1249
1462
3654
2343
5046
590
1172
1769
800
367
5387
612
849
1350
2783
1920
598
2927
5911
1664
519
407
3746
2405
2441
3215
3238
5471
422
4556
2845
3966
666
1123
1979
5736
3467
4880
1802
4385
1615
4151
1447
1903
4291
3112
2456
798
4006
4116
2512
4550
3469
5889
357
830
1166
4182
5309
3694
954
3411
856
698
2068
3336
3466
1265
3810
4506
2720
1605
5020
2935
1992
2864
1052
4915
1291
5418
1625
55
2892
491
74
2673
3222
355
1061
4610
4374
4075
5654
1770
392
1392
4193
4531
1372
3414
94
1841
1252
2435
44
3320
2380
3570
4072
426
1091
4189
1301
273
3928
2189
4753
2016
5434
4236
5198
4373
4015
348
88
5120
165
5335
2608
2984
3386
5920
2663
508
419
828
58
5378
1590
4461
5638
5538
2803
2320
4577
1814
1365
3812
3041
1671
3152
902
2971
1858
3058
3055
3098
1416
3001
2936
1539
468
2843
4879
5644
5170
487
4149
4668
1861
5492
3452
4136
338
3105
4542
2726
98
1287
2153
3601
3031
1774
1927
5097
4241
3108
316
2521
4699
5095
199
5689
1531
1918
4243
1897
916
726
1156
1523
4922
2528
1701
3554
1243
4923
1433
5629
4090
4368
1223
5652
97
4121
5432
2870
4872
1559
2235
707
1644
1537
2108
3993
4723
3499
715
2622
1259
148
1398
5485
953
3374
2593
231
4227
2241
238
5529
5848
5458
295
2531
2166
1553
5993
1458
982
5738
2672
1089
5024
1714
5381
1580
2240
5410
5936
4792
3074
3685
5428
5811
4456
3951
4620
1113
4833
699
2667
5565
4124
4301
3981
4561
2899
5181
1241
3476
583
3230
5183
5893
2701
5916
1086
5953
870
2979
2993
4226
1038
3927
4343
4978
1788
4381
2905
3555
3759
54
2741
4455
925
4493
5459
5448
1216
4063
5460
2912
5259
1725
3809
4725
5715
2657
162
3262
5509
1179
4356
2849
3403
4428
2816
794
4300
5844
2718
5875
5386
3018
3406
5246
4868
3527
2207
5975
1149
397
1521
2026
3115
4263
762
3708
1661
275
2917
2254
3363
1269
4495
5991
5619
5009
1651
860
5014
5374
4735
4809
5628
891
2133
5976
2532
572
89
5683
2893
1020
5110
3526
3509
4288
4323
5610
5779
4309
2764
1014
5174
911
1394
2647
2110
4358
2541
258
3798
33
4535
2828
4977
2156
5010
3282
702
3343
2530
2069
3799
4396
4863
2393
4919
4862
634
5367
2703
5347
2041
5395
4662
3781
502
5083
383
5589
4295
1158
3846
3313
1313
5883
5101
5151
677
3736
5442
846
3473
2408
325
2516
957
5439
1486
5785
734
490
1929
4778
3474
1985
4020
4559
2900
5192
5104
2769
4133
1925
3644
5082
1189
5786
2679
1480
245
2546
1645
17
3659
4503
4837
5431
1685
605
4962
136
1905
5449
2610
1635
4038
5243
5072
757
5000
5107
3910
171
2868
2
847
1205
5118
1732
3611
36
3084
1096
3937
1628
5212
1724
5743
2179
4359
3485
2831
1959
440
3224
5870
4201
4122
3234
3924
1294
3271
2940
2335
2965
3146
2549
400
5865
3478
797
5753
2926
1733
5534
3477
2614
4695
2747
1340
560
1154
2611
768
4524
220
4905
5414
2390
530
3768
3151
2954
628
602
2301
1231
5676
3492
243
5646
5802
2772
3973
2216
1582
4774
3381
2121
2628
3205
287
3875
1533
4617
3144
2669
5898
4679
3827
4741
1688
3015
1041
3377
5233
1043
576
1639
3860
3652
1349
5845
716
1534
3971
5737
5281
4447
1248
986
2542
3086
3995
4310
5088
4709
3991
4948
244
2801
278
4803
3782
3446
5034
2455
1232
5941
2651
5588
3267
5563
2479
3394
3450
5688
4460
5634
4032
5858
2397
959
1277
5526
3148
216
2303
1107
4877
1362
5244
1385
4612
1968
4175
571
5301
5541
3416
5904
4228
2127
459
3088
4664
3955
3915
4453
1493
2693
4688
2318
2605
320
4859
1637
3996
42
5463
978
4849
4927
3063
678
4073
1080
2095
5974
3719
5372
4100
1
5727
1515
4635
1501
535
4404
3022
603
466
4838
1581
99
46
5805
2535
4954
2369
5249
4721
2492
2873
394
1785
4575
1236
2749
4119
2224
2291
4743
4578
3405
971
5326
4339
3551
2221
2364
1634
4959
3617
2288
968
691
132
3608
2067
100
2488
5969
2914
4371
5176
1704
5558
1756
1143
1872
5684
2910
3277
5626
4660
4560
2427
4585
4202
1930
5864
1384
735
3418
3489
168
5140
5536
5935
1285
580
387
1339
167
2949
1679
1741
3607
2466
4066
2017
5867
697
5264
5388
4118
5307
641
2237
2445
354
3680
3636
5826
1048
5668
3475
3962
3693
2275
1636
1305
3842
3814
5473
3811
1491
2201
1440
1057
5979
1274
662
1015
4112
2025
2407
2266
2246
4970
4841
2539
784
2436
3813
2579
1519
1410
1032
374
4589
2634
962
5567
630
1461
3843
4650
5781
1363
4061
1183
3376
898
5403
4107
4700
175
376
3944
3289
277
1105
2743
2214
4145
5905
1613
5022
1710
4102
152
5211
563
2709
776
1520
2603
2688
2469
489
5175
1029
3822
2585
184
43
4682
1984
2000
1595
2269
4685
4517
2082
4099
3786
5728
3323
2258
2496
4805
3893
176
4262
5290
4130
4967
1965
5599
3574
1522
2862
2334
2356
5940
3145
810
778
923
4402
2174
5954
2564
3471
109
592
1035
492
5859
1435
564
4296
3156
1598
2434
3285
3283
5507
4322
3317
4307
2826
3668
3303
853
4842
5987
3615
739
1561
1673
3399
4152
4156
105
4341
232
2890
3972
5015
632
4936
2155
4257
2650
75
5895
2448
4454
1174
4008
4997
728
5605
1666
2062
3118
213
5163
2284
4223
5322
1373
3772
886
1361
5207
4669
11
1956
61
2027
2366
3758
5138
5592
5732
4101
2185
1789
2565
2104
2184
1606
2619
445
257
2583
2257
1402
1593
863
5436
4826
2923
4077
1104
2770
1316
2630
2851
2157
488
4459
3663
2896
4644
3060
1904
1026
1915
889
3449
2632
5769
5579
4491
4256
809
2557
5603
1703
5763
5359
5111
1778
2814
4083
4166
4035
4207
5847
4918
4900
917
4808
352
1852
3042
3695
5569
4273
2586
2378
5252
423
1266
4218
4940
2760
1072
5557
4305
4567
536
1649
3203
5832
5345
2782
4178
985
1949
1409
4947
5461
5348
281
2717
645
1564
3960
5519
5218
3655
4488
5267
3538
2307
2395
3453
4871
92
5054
4009
2080
996
3447
3326
2325
4138
5795
1782
469
1957
5062
3738
2852
2654
3496
1535
4766
5543
2875
3384
3841
1569
3741
3961
3763
5302
1842
4197
2044
1067
1451
2915
2229
1408
3206
5352
1655
3522
967
5494
717
2063
5048
4044
4861
2039
814
5251
970
2975
1012
5678
5229
1702
4786
5342
2338
680
3213
2281
5070
5153
5489
3752
937
437
579
334
2924
5961
3785
2055
1063
2942
5878
1368
122
5660
4198
4551
5208
3472
215
3901
4314
4019
5065
4601
4419
5486
2326
4764
2098
4604
4234
5019
4858
635
2327
5320
268
609
5590
1070
5087
5224
4167
4
3352
2776
787
4544
4266
3338
2519
5487
284
3438
3837
2315
4819
303
5560
5968
4932
555
692
3718
60
4457
4294
2503
2078
104
4640
4087
2437
5729
5771
1692
610
5873
3548
2661
3564
3284
4762
3838
3900
3657
221
5830
1653
382
1657
3028
2363
2330
4864
1147
2113
534
3833
1743
2920
3732
2148
4177
4926
3007
5685
5921
1891
4831
2487
4160
3760
125
935
72
5984
1677
4232
5829
4393
2861
1272
5199
2950
1151
1146
5896
2902
5105
5168
2991
1585
4065
3753
1088
3716
5699
1728
3775
4761
4692
4064
5284
4754
1140
1658
358
4290
2298
386
4546
2299
5523
5686
5210
3505
2928
1611
282
4934
1849
3926
2626
2233
2612
3142
5822
2019
1828
3273
4004
4586
2775
5787
3537
259
1295
3740
729
1761
2439
3931
4082
1235
701
2164
1427
4716
1545
676
1082
4140
2294
3089
5426
3943
653
745
4571
3681
4142
5621
3795
3287
2374
1568
523
595
4731
2286
5930
404
399
1128
1257
4092
3044
59
4752
1167
2983
5398
3757
2809
1716
2656
1665
4411
4523
4278
1720
5982
3742
2031
1790
2886
1023
462
1430
3202
2882
2836
4715
1028
1643
5514
5897
1948
2050
3185
3121
2904
4258
4639
5480
5882
5721
1937
3181
2268
1747
3070
2030
6000
118
4466
2400
3701
1835
3353
2740
703
3465
2145
3191
1182
842
1073
1454
3254
5581
5287
5754
4648
3036
1114
1833
5182
5857
1375
2463
3620
2021
255
4549
4217
1604
13
5455
4656
5725
2259
5051
2377
753
4127
3082
2177
5788
1490
1601
5059
1505
1379
1924
2183
1528
3906
1212
820
5043
4655
2684
351
3987
3818
3699
3006
4772
2255
766
3062
5918
443
5757
3510
3032
1296
3909
2143
3593
5739
1279
5292
5137
3396
3576
2283
261
3832
3862
4995
63
2165
3687
767
3040
4991
5354
18
203
4237
4794
102
4380
2932
2554
5944
731
290
1617
3756
1966
1921
1817
5203
3578
5277
5465
3912
3276
573
3619
23
1707
5031
2620
1793
2267
45
2721
5664
5063
5815
1586
4619
775
5854
3922
4733
2738
3019
626
5922
4671
2181
5447
5835
341
1307
684
522
1207
3561
1803
2227
5612
4726
5919
4847
5838
1632
1717
4376
2372
3173
4525
3531
1755
3501
2158
5073
4364
2094
3902
4583
173
2349
4906
4651
1869
2004
1475
5488
447
2342
1173
3419
5319
3517
1010
1935
1127
158
2346
2806
3992
3590
1202
4084
4414
4746
4361
4078
627
3831
5780
5775
1705
1084
4212
3771
1234
5713
3009
4704
4676
4056
924
3949
4030
5508
1544
5985
4645
5406
2048
2484
5117
5720
4349
5836
5792
4974
765
2482
1813
770
5521
3543
2944
134
3298
84
4463
3498
1466
3092
1786
5970
5036
3311
1141
2382
3670
1596
4280
3779
5719
485
335
4898
4253
2960
3852
1355
30
3012
5906
2737
5446
4200
3027
565
951
3930
687
1627
1323
3010
4983
1081
4128
3805
1206
1304
663
4626
3984
4659
4969
3494
834
5206
1971
2660
3335
3068
1974
4426
1978
413
5651
5624
494
4502
2260
3209
1222
2613
817
3120
5089
3169
1698
1159
1165
4048
64
3660
1419
2056
1413
5139
4441
3379
2003
1848
3081
748
1859
501
1244
4384
4005
2453
5978
1900
2130
3940
1554
2106
274
4511
1468
1268
5069
1428
2103
1382
2962
56
2414
1954
1240
2990
2111
3787
5548
2969
4840
5591
2109
3851
464
852
1045
1377
4543
543
385
4421
4834
5823
5008
3739
2262
3621
2176
2606
12
4649
5573
3355
5038
4190
3231
2245
5703
3724
845
4971
5303
2261
3195
2595
3448
1292
5223
4472
831
455
3904
2712
1909
372
1495
4902
4694
2486
4413
2627
4618
4678
1988
1612
5185
5938
5114
3887
5023
4350
5096
3969
514
2649
5361
1860
3524
3016
599
3157
5880
424
3854
5662
48
983
381
2887
3149
5006
3117
4476
1371
4169
5369
895
2313
4874
3869
2195
103
3714
5856
1101
826
2925
139
5901
2648
212
444
3161
5885
1381
2015
4336
2384
5966
3729
5672
5495
3225
4825
2987
5399
1697
4318
4002
1500
4718
1153
3516
2844
4548
3857
5833
3269
2416
5450
3536
1022
1758
1481
528
4433
3807
1337
5636
4252
1196
2367
3907
428
252
3033
1572
2020
4886
2786
5899
3371
22
1359
586
3316
5530
2197
1855
5044
5863
5981
2311
1932
987
2073
670
1000
1850
2728
5606
4624
781
1721
4813
5749
5002
2096
4425
5770
946
2879
2238
4037
4770
4719
637
3479
3703
1042
2285
1676
2460
2071
5772
2120
2615
4750
1672
575
4277
2827
1863
5692
4553
4248
1551
1540
4448
270
5744
82
31
3229
313
3723
3513
4882
5086
5194
921
2883
2880
4499
3539
1393
5402
5090
1896
2817
3154
3035
3051
3824
2635
347
5665
4058
3804
4529
1389
1953
5370
1455
5564
4449
3633
1892
2853
661
5967
2037
51
4039
241
1282
1322
5839
3977
1549
3382
154
5113
3587
4702
5669
6
2440
5960
3639
4362
961
2168
312
5561
436
2008
2835
3366
1442
5098
3127
1139
3945
613
4539
1415
5691
5846
2394
3345
81
2371
1314
3094
4168
3383
5620
681
2450
495
1560
4776
2544
1712
3297
5577
1187
4477
3518
3090
4430
2977
5263
3451
3580
4631
2370
890
3294
551
1745
2897
3684
187
5949
4409
2473
410
549
454
5871
1453
4953
2383
3443
607
1446
3817
4972
1059
2093
649
2100
4233
725
5853
5169
4574
5971
3436
3076
1049
3245
5443
4388
5228
3994
2431
1552
3942
5278
4623
3208
2199
233
1952
308
470
3495
1489
600
1719
3119
4260
2596
2995
2072
1460
2646
3280
4017
1498
3605
2633
1946
4302
1217
5929
5213
5435
5812
208
2225
3734
50
4154
2683
3800
328
3502
5694
1652
1923
5085
3002
2714
5091
2191
3014
773
2559
4843
2475
1999
3216
4172
4775
2321
2752
3026
3583
4885
1075
5840
4276
4581
4732
1420
3669
1610
230
2083
5231
2556
1137
1990
2821
2404
2746
3840
5679
3697
3974
3248
686
1506
5923
5310
3747
5860
1002
4470
4382
1760
1942
2200
361
1441
155
5108
5363
4666
371
2375
5666
5667
5972
5596
1983
2938
1749
2787
4332
3886
2710
1494
5462
2012
3871
4629
224
1709
2350
2230
1378
2205
5467
3847
4093
2252
5796
5544
4272
5161
772
3848
4265
2035
2406
4003
5926
5881
769
4866
3890
5695
5602
5693
2136
5562
1090
2872
5747
875
2467
2314
4888
1940
936
5522
4312
903
5690
2081
1616
2597
190
2963
2692
2773
4802
4363
749
1989
5330
5504
1310
2013
2765
1239
1614
3635
696
2529
2561
350
5468
5553
3107
5201
3454
285
752
2911
2781
431
2357
3614
1995
4595
267
2079
972
4042
1040
3631
1795
5438
5162
3913
5681
1976
91
721
1131
4238
941
2360
4360
1396
841
1881
3004
3722
1391
5945
391
5032
1987
3905
700
3914
832
5147
4246
3642
4224
421
3661
4705
4219
4239
2800
511
843
2578
1162
106
4074
1566
998
4767
615
2867
1005
4344
3683
2974
2290
5843
585
3705
4055
3704
5050
5282
3184
4174
2670
3211
5550
2415
435
4395
1188
2812
4609
1478
5774
4444
1457
2494
2989
1290
1383
3876
3370
3868
960
813
5219
5457
4653
2829
4196
5
5776
1017
5640
2084
2732
3801
5076
2598
2702
101
2834
2052
1571
3334
910
3407
3671
2144
2340
120
940
3597
451
3362
893
1418
4793
3733
4089
3388
4722
3918
868
746
1763
5026
1826
1731
2855
5931
4817
2302
1681
2731
3820
2908
3595
4474
3430
3989
2951
732
4079
161
4287
3506
531
5262
3885
1631
1748
1781
149
3783
3286
3293
4593
4740
360
3066
761
782
5417
5028
4795
4049
2504
1191
3275
2527
3850
3133
5261
2543
2442
5433
5807
5821
463
4784
3189
117
242
1757
5804
976
2825
561
2253
2057
5100
3067
2086
1994
3731
3357
2425
1944
3434
2171
1046
2708
5030
3959
865
2759
1326
4060
2780
690
1660
5253
3188
1171
4665
1488
4857
718
5478
3556
4913
5731
5915
896
755
1783
1018
5235
5587
3340
2980
5234
3347
2418
200
2131
4183
68
2162
2985
559
2139
1006
5349
1821
4213
5115
548
5409
5357
332
5791
4325
5419
3603
1970
130
5289
1138
16
2545
2495
3339
1459
619
546
2889
4711
163
3665
2711
5332
5659
4357
5481
5156
3673
3998
1588
4891
1706
4572
4771
2587
1574
3976
3586
2449
4526
1546
4599
4582
756
235
3881
3389
5500
618
2811
3803
4914
1844
5127
3560
2006
5160
265
5362
4518
988
1030
4853
881
3790
3702
780
3135
823
5416
839
4893
4105
5016
5053
2249
5631
1111
4320
683
1357
928
5818
5299
4250
779
174
1889
5154
2686
4854
3674
1300
1809
1204
1996
3715
2689
3174
1509
206
2316
198
5994
5925
5321
644
1097
1076
4085
1009
2276
4973
5642
3415
4600
854
4510
4537
3528
1237
324
4137
3808
1436
4125
1691
4014
791
1256
3079
3932
5580
4043
343
107
5380
3123
1824
384
1507
584
1142
3179
2009
1199
539
4497
4683
4818
4554
1939
2300
2141
3835
4744
2137
1425
3819
1895
3594
3958
503
2574
2894
2699
453
934
393
4081
5186
3433
1914
3953
1514
1516
1299
2922
5876
202
5191
3599
4820
5314
2665
4097
5178
2232
4565
5803
3395
239
3541
1648
1218
3281
1766
5454
3360
693
5910
4912
2742
4865
1638
4352
1132
1767
2424
4091
639
1602
587
5517
1470
3919
2001
5188
395
5546
1866
1806
704
2391
1320
4677
4103
4958
5106
2723
3435
359
1356
3030
2777
2757
5280
1818
1280
1108
4094
2186
364
2641
1078
3160
540
3997
958
3484
2547
5643
4706
1484
2973
2115
4292
883
4613
2036
4135
689
1027
3061
4737
4760
441
3049
1874
4860
833
439
4159
2107
840
929
2362
1247
3934
513
3237
621
5425
2668
2698
2243
4790
5300
1210
4036
829
4117
5912
370
1623
1227
5093
2173
3003
1122
2058
2359
3309
2796
5766
824
4143
4796
3351
1163
5782
5248
2402
3535
442
872
3666
897
537
5215
3422
5680
2790
1364
2105
1443
567
4910
2368
4920
964
3777
3883
2310
289
4059
3207
2474
380
1251
5080
2065
3638
5018
3889
1558
1110
214
3136
5079
527
342
3493
339
3849
5134
3791
5132
5039
2976
4191
4768
188
5452
2228
1351
4673
5071
712
3584
1456
743
5741
1511
5479
2264
172
3096
4938
2345
4279
3110
1471
4420
4249
1780
5706
260
3159
1411
1887
3380
4465
3788
1055
4028
2452
4345
5948
369
504
4331
128
3458
1883
1335
5524
2102
4229
1791
4698
1668
251
754
3300
3182
3690
1626
3864
317
5077
5285
3111
2353
5559
4875
4641
1200
5283
2617
5052
3773
5045
633
2248
86
1875
2250
5146
166
3462
4939
4286
3892
2832
398
1343
2792
5476
2804
2218
256
2510
3823
5011
816
5943
2388
1066
5697
1324
5932
3596
5401
5956
4812
3490
2664
1152
1624
262
4929
5701
521
4729
5420
323
2758
4580
4579
836
1911
581
2736
4270
5477
4829
5329
4069
2169
2070
591
5179
2534
1348
3844
5271
2818
1253
1444
786
5733
5221
1980
4998
4996
4141
5464
269
512
4021
2505
2919
5084
207
5539
5017
4844
617
2032
877
4068
460
5909
629
1100
246
3793
825
3726
2677
4340
3935
3021
1068
4957
648
3643
271
1518
3392
3168
2279
3796
416
1642
4053
705
38
4242
3425
1779
4730
799
3568
5572
1739
1238
205
2339
2639
1293
3950
346
4464
2766
3520
2029
2916
2840
123
601
1374
2265
4755
3440
3349
14
3523
1050
2575
2921
2815
2066
218
3562
2034
4342
5712
4337
3898
4397
5190
5430
3558
3163
2002
3441
3664
3270
3743
5346
2381
3894
1036
3059
1928
1136
505
1746
5866
4235
5323
2333
2934
5123
1777
2797
2618
807
3656
3604
5632
5937
2438
180
2526
3113
4255
2536
2891
415
5124
1594
1181
2946
866
3700
1004
304
2351
4432
3529
1077
420
5874
4365
5060
3069
908
5872
5888
5700
2142
4392
2624
2888
1190
3575
5497
679
4708
2953
457
4597
4407
5272
150
4720
4606
2854
4209
3514
2798
434
3337
3318
1437
300
2256
2653
2577
4509
3567
4798
3692
5195
5164
2553
4890
1527
4952
4941
147
1805
1600
1387
524
329
3563
1400
1342
5429
2691
1054
53
2823
3236
4576
3921
1868
25
3139
5513
3290
448
1538
4245
3789
2874
3488
1423
5939
1093
2548
1126
4215
672
1098
1482
4916
4088
143
4023
5331
1772
2725
7
5578
1270
5862
899
4637
3988
5141
5615
1250
1947
5484
26
5951
1312
5102
1118
869
4437
3511
5641
2901
3504
516
1267
874
3839
67
2332
2401
904
5501
